"id","user_id","channel","platform","location","gender","since_last","revenue","items","orders","avg_order"
"2 - High enders",2310078,"paid","desktop","US","female",1,8262,51,48,172.12
"1 - Stars",1576624,"paid","desktop","US","female",74,6511,40,39,166.95
"1 - Stars",1606011,"paid","desktop","US","female",295,2474,14,5,494.8
"1 - Stars",1548818,"organic search","mobile","US","female",23,1883,12,8,235.38
"1 - Stars",885051,"paid","desktop","US","female",6,1879,11,11,170.82
"1 - Stars",1372378,"paid","desktop","US","female",200,1768,11,7,252.57
"1 - Stars",1382408,"direct","desktop","US","female",6,1679,9,8,209.88
"1 - Stars",1637181,"paid","desktop","US","female",58,1556,9,4,389
"1 - Stars",2406632,"direct","mobile","international","female",6,1472,10,4,368
"1 - Stars",1857884,"other","desktop","US","female",31,1351,8,6,225.17
"3 - Cash cows",2109832,"organic search","desktop","US","female",41,293,2,2,146.5
"3 - Cash cows",1792925,"organic search","desktop","US","female",194,295,2,2,147.5
"3 - Cash cows",1747401,"paid","desktop","US","female",3,298,3,3,99.33
"3 - Cash cows",1911243,"organic search","desktop","US","female",223,300,2,1,300
"3 - Cash cows",1937224,"organic search","mobile","international","female",114,300,2,1,300
"3 - Cash cows",2436486,"direct","mobile","international","female",54,300,2,1,300
"3 - Cash cows",2477349,"direct","mobile","international","female",43,300,2,1,300
"3 - Cash cows",1131777,"email","mobile","US","female",49,300,2,2,150
"3 - Cash cows",1137179,"other","desktop","US","female",72,300,2,2,150
"3 - Cash cows",1262474,"email","desktop","US","female",20,300,2,2,150
"3 - Cash cows",1304469,"paid","desktop","US","female",38,300,2,2,150
"3 - Cash cows",1422285,"paid","desktop","US","female",77,300,2,2,150
"3 - Cash cows",1757127,"paid","desktop","US","female",41,300,2,2,150
"3 - Cash cows",1878223,"organic search","desktop","US","female",33,300,2,2,150
"3 - Cash cows",1948082,"paid","desktop","US","female",75,300,2,2,150
"3 - Cash cows",2460257,"email","mobile","US","female",24,300,2,2,150
"3 - Cash cows",1825160,"paid","mobile","US","female",207,302,3,3,100.67
"3 - Cash cows",2619362,"organic search","desktop","US","female",6,304,2,1,304
"3 - Cash cows",983959,"paid","desktop","US","female",150,304,3,2,152
"3 - Cash cows",1823415,"paid","mobile","US","female",30,304,2,2,152
"3 - Cash cows",1475194,"paid","desktop","US","female",45,305,2,1,305
"3 - Cash cows",1931330,"paid","mobile","US","female",212,305,2,1,305
"3 - Cash cows",1488224,"paid","desktop","US","female",434,305,2,2,152.5
"3 - Cash cows",1880362,"paid","desktop","US","female",17,305,2,2,152.5
"3 - Cash cows",2303491,"paid","desktop","US","female",15,305,2,2,152.5
"3 - Cash cows",1370692,"paid","mobile","US","female",6,307,3,2,153.5
"3 - Cash cows",1500357,"direct","desktop","US","female",7,307,2,2,153.5
"3 - Cash cows",1977113,"direct","desktop","US","female",74,310,2,1,310
"3 - Cash cows",2246524,"paid","mobile","international","female",43,310,2,1,310
"3 - Cash cows",365239,"email","mobile","US","female",4,310,2,2,155
"3 - Cash cows",902814,"paid","desktop","US","female",50,310,2,2,155
"3 - Cash cows",1330519,"email","mobile","international","female",35,310,2,2,155
"3 - Cash cows",1332385,"organic search","desktop","US","female",7,310,2,2,155
"3 - Cash cows",1381293,"paid","desktop","US","female",21,310,2,2,155
"3 - Cash cows",1537374,"paid","desktop","international","female",58,310,2,2,155
"3 - Cash cows",1683738,"paid","mobile","US","female",127,310,2,2,155
"3 - Cash cows",2044642,"paid","desktop","US","female",33,310,2,2,155
"3 - Cash cows",2373250,"paid","desktop","US","female",59,310,2,2,155
"3 - Cash cows",2385740,"paid","desktop","US","female",35,310,2,2,155
"3 - Cash cows",2388848,"paid","desktop","US","female",47,310,2,2,155
"3 - Cash cows",2418183,"paid","desktop","international","female",33,310,2,2,155
"3 - Cash cows",2551041,"direct","desktop","US","female",5,310,2,2,155
"3 - Cash cows",2613835,"direct","desktop","US","female",15,310,2,2,155
"3 - Cash cows",1322792,"organic search","desktop","US","female",46,313,2,1,313
"3 - Cash cows",1873839,"other","mobile","international","female",271,313,2,1,313
"3 - Cash cows",2019909,"email","desktop","US","female",7,313,2,1,313
"3 - Cash cows",2600872,"organic search","desktop","international","female",17,313,2,1,313
"3 - Cash cows",1646137,"organic search","desktop","US","female",33,313,2,2,156.5
"3 - Cash cows",1857245,"paid","desktop","US","female",273,313,3,2,156.5
"3 - Cash cows",1969853,"organic search","mobile","US","female",72,313,2,2,156.5
"3 - Cash cows",1440546,"other","mobile","US","female",534,315,2,1,315
"3 - Cash cows",1643333,"paid","desktop","US","female",88,318,2,2,159
"3 - Cash cows",1760318,"direct","desktop","US","female",297,320,2,1,320
"3 - Cash cows",1965692,"other","mobile","US","male",225,320,2,1,320
"3 - Cash cows",2309281,"direct","desktop","US","female",95,320,2,1,320
"3 - Cash cows",369823,"direct","desktop","US","male",488,320,2,2,160
"3 - Cash cows",714517,"direct","desktop","US","female",455,320,2,2,160
"3 - Cash cows",897102,"other","mobile","US","female",413,320,2,2,160
"3 - Cash cows",1275730,"email","mobile","international","female",148,320,2,2,160
"3 - Cash cows",1303969,"email","desktop","US","female",465,320,2,2,160
"3 - Cash cows",1437640,"direct","desktop","US","female",3,320,2,2,160
"3 - Cash cows",1851152,"paid","desktop","US","female",33,320,2,2,160
"3 - Cash cows",1966758,"organic search","mobile","US","female",167,320,2,2,160
"3 - Cash cows",2095284,"paid","desktop","US","female",151,320,2,2,160
"3 - Cash cows",2408574,"organic search","desktop","US","female",48,320,2,2,160
"3 - Cash cows",2417475,"paid","desktop","US","female",37,320,2,2,160
"3 - Cash cows",2505592,"paid","desktop","US","female",17,320,2,2,160
"3 - Cash cows",1440777,"organic search","desktop","US","female",6,322,3,2,161
"3 - Cash cows",2418995,"paid","desktop","US","female",58,323,2,1,323
"3 - Cash cows",1324826,"direct","mobile","international","female",110,323,2,2,161.5
"3 - Cash cows",1500021,"paid","desktop","US","female",18,323,2,2,161.5
"3 - Cash cows",1749258,"organic search","desktop","US","female",257,323,2,2,161.5
"3 - Cash cows",2463137,"organic search","desktop","US","female",43,325,2,1,325
"3 - Cash cows",1447383,"organic search","desktop","US","female",194,325,2,2,162.5
"3 - Cash cows",1942764,"direct","desktop","US","female",7,328,2,2,164
"3 - Cash cows",2147569,"organic search","desktop","US","female",131,330,2,1,330
"3 - Cash cows",1599577,"other","desktop","US","female",43,330,2,2,165
"3 - Cash cows",1745454,"paid","desktop","international","female",266,330,2,2,165
"3 - Cash cows",1835680,"paid","desktop","US","female",266,330,2,2,165
"3 - Cash cows",2292337,"other","desktop","international","female",57,331,3,3,110.33
"3 - Cash cows",1520773,"direct","desktop","US","female",209,333,2,2,166.5
"3 - Cash cows",1935328,"paid","desktop","international","female",5,333,2,2,166.5
"3 - Cash cows",2086634,"organic search","desktop","international","female",6,334,2,2,167
"3 - Cash cows",1796231,"paid","desktop","US","female",46,335,2,2,167.5
"3 - Cash cows",1846179,"paid","desktop","US","female",108,335,2,2,167.5
"3 - Cash cows",1616569,"organic search","desktop","international","female",13,336,2,1,336
"3 - Cash cows",2027188,"paid","mobile","US","female",155,336,2,1,336
"3 - Cash cows",2199978,"organic search","desktop","US","female",19,336,2,1,336
"3 - Cash cows",2265451,"direct","mobile","US","female",82,336,2,1,336
"3 - Cash cows",937488,"organic search","desktop","international","female",261,336,2,2,168
"3 - Cash cows",1147448,"direct","desktop","US","female",166,336,2,2,168
"3 - Cash cows",1411262,"paid","desktop","US","female",116,336,2,2,168
"3 - Cash cows",1764570,"organic search","desktop","US","female",20,336,2,2,168
"3 - Cash cows",2013117,"organic search","desktop","US","female",63,336,2,2,168
"3 - Cash cows",2038967,"organic search","desktop","US","female",179,336,2,2,168
"3 - Cash cows",2198597,"organic search","desktop","US","female",118,336,2,2,168
"3 - Cash cows",2357611,"paid","desktop","US","female",72,336,2,2,168
"3 - Cash cows",2481266,"direct","desktop","US","female",6,336,3,2,168
"3 - Cash cows",2496317,"direct","desktop","US","female",5,336,2,2,168
"3 - Cash cows",2333107,"paid","desktop","US","female",6,337,2,2,168.5
"3 - Cash cows",1487168,"organic search","mobile","US","female",147,340,2,1,340
"3 - Cash cows",1523860,"other","desktop","US","female",169,340,2,2,170
"3 - Cash cows",1572427,"other","desktop","US","female",227,340,2,2,170
"3 - Cash cows",1746628,"paid","mobile","US","female",311,340,2,2,170
"3 - Cash cows",1821181,"direct","mobile","international","female",227,340,2,2,170
"3 - Cash cows",1701271,"direct","mobile","US","female",4,343,2,1,343
"3 - Cash cows",1968220,"organic search","desktop","US","female",232,343,2,1,343
"3 - Cash cows",2297711,"organic search","mobile","US","female",89,343,2,1,343
"3 - Cash cows",2308918,"paid","desktop","US","female",66,343,2,1,343
"3 - Cash cows",2554843,"paid","mobile","international","female",2,343,2,1,343
"3 - Cash cows",1434448,"email","mobile","US","female",355,343,2,2,171.5
"3 - Cash cows",1496098,"direct","mobile","US","female",198,343,2,2,171.5
"3 - Cash cows",1501475,"paid","mobile","US","female",116,343,2,2,171.5
"3 - Cash cows",2017799,"paid","mobile","US","female",186,343,2,2,171.5
"3 - Cash cows",2364051,"paid","desktop","US","female",13,348,2,1,348
"3 - Cash cows",2330045,"paid","mobile","international","female",50,348,2,2,174
"3 - Cash cows",2589130,"direct","mobile","US","female",6,348,2,2,174
"3 - Cash cows",706558,"email","desktop","US","female",390,350,2,1,350
"3 - Cash cows",1760727,"paid","desktop","US","female",324,350,2,1,350
"3 - Cash cows",2615925,"paid","desktop","US","female",14,350,2,1,350
"3 - Cash cows",500695,"organic search","desktop","international","female",468,350,2,2,175
"3 - Cash cows",1190922,"email","mobile","US","female",376,350,2,2,175
"3 - Cash cows",1381261,"organic search","desktop","US","female",434,350,2,2,175
"3 - Cash cows",1432921,"direct","mobile","US","female",539,350,2,2,175
"3 - Cash cows",1462630,"paid","desktop","US","male",128,350,2,2,175
"3 - Cash cows",1489936,"direct","desktop","US","female",352,350,2,2,175
"3 - Cash cows",1510159,"paid","mobile","US","female",36,350,2,2,175
"3 - Cash cows",1538083,"direct","desktop","international","female",431,350,2,2,175
"3 - Cash cows",1544267,"organic search","desktop","US","female",148,350,2,2,175
"3 - Cash cows",1547073,"direct","desktop","US","female",429,350,2,2,175
"3 - Cash cows",1589689,"paid","mobile","US","female",235,350,2,2,175
"3 - Cash cows",1666106,"direct","mobile","US","female",272,350,2,2,175
"3 - Cash cows",1702710,"paid","desktop","US","female",334,350,2,2,175
"3 - Cash cows",1731440,"direct","desktop","US","female",91,350,2,2,175
"3 - Cash cows",1811139,"paid","mobile","US","female",224,350,2,2,175
"3 - Cash cows",1857504,"organic search","desktop","US","female",247,350,2,2,175
"3 - Cash cows",2098303,"paid","mobile","US","female",79,350,2,2,175
"3 - Cash cows",2230688,"organic search","desktop","US","female",90,350,2,2,175
"3 - Cash cows",1611153,"paid","mobile","US","female",7,352,3,2,176
"3 - Cash cows",695692,"email","desktop","US","female",347,353,2,1,353
"3 - Cash cows",1745556,"organic search","desktop","US","female",331,353,2,1,353
"3 - Cash cows",2577214,"organic search","desktop","US","female",23,353,2,1,353
"3 - Cash cows",1575712,"organic search","desktop","US","female",355,355,2,1,355
"3 - Cash cows",1723322,"paid","desktop","US","female",38,355,2,1,355
"3 - Cash cows",2346874,"other","desktop","US","female",84,355,2,1,355
"3 - Cash cows",1615666,"other","desktop","US","female",322,355,2,2,177.5
"3 - Cash cows",1717012,"paid","desktop","US","female",18,356,3,3,118.67
"3 - Cash cows",1964354,"organic search","mobile","US","female",208,356,3,3,118.67
"3 - Cash cows",2155643,"direct","mobile","US","female",3,358,3,3,119.33
"3 - Cash cows",1822781,"paid","desktop","US","female",266,359,3,2,179.5
"3 - Cash cows",1783653,"direct","desktop","US","female",15,360,2,1,360
"3 - Cash cows",1973284,"organic search","desktop","US","female",229,360,3,1,360
"3 - Cash cows",2396965,"paid","desktop","US","female",66,360,2,1,360
"3 - Cash cows",330687,"paid","desktop","US","female",116,360,2,2,180
"3 - Cash cows",1304370,"paid","desktop","US","female",124,360,2,2,180
"3 - Cash cows",1710181,"direct","desktop","US","female",115,360,2,2,180
"3 - Cash cows",1787993,"direct","mobile","US","female",61,360,2,2,180
"3 - Cash cows",1978589,"organic search","desktop","US","female",46,360,2,2,180
"3 - Cash cows",1413597,"organic search","desktop","US","female",67,361,3,3,120.33
"3 - Cash cows",1573289,"organic search","desktop","US","female",53,363,3,3,121
"3 - Cash cows",2245442,"paid","mobile","US","female",113,368,3,1,368
"3 - Cash cows",1328268,"organic search","desktop","US","female",48,370,3,1,370
"3 - Cash cows",1499438,"paid","desktop","international","female",465,370,2,1,370
"3 - Cash cows",1505290,"paid","desktop","international","female",81,370,2,1,370
"3 - Cash cows",1546116,"organic search","desktop","international","female",39,370,2,1,370
"3 - Cash cows",1596020,"organic search","mobile","international","female",70,370,2,1,370
"3 - Cash cows",1617485,"direct","desktop","US","female",392,370,2,1,370
"3 - Cash cows",2208563,"organic search","desktop","international","female",28,370,2,1,370
"3 - Cash cows",2537471,"direct","desktop","US","female",3,370,2,1,370
"3 - Cash cows",2581867,"paid","mobile","US","female",11,370,2,1,370
"3 - Cash cows",1322988,"organic search","desktop","US","female",231,370,2,2,185
"3 - Cash cows",1328136,"organic search","desktop","international","female",378,370,2,2,185
"3 - Cash cows",1400838,"organic search","desktop","US","female",62,370,2,2,185
"3 - Cash cows",1495281,"direct","desktop","US","female",378,370,2,2,185
"3 - Cash cows",1564406,"paid","mobile","international","female",38,370,2,2,185
"3 - Cash cows",1584357,"organic search","desktop","US","female",189,370,2,2,185
"3 - Cash cows",1594212,"paid","desktop","US","female",2,370,2,2,185
"3 - Cash cows",1656489,"paid","desktop","US","female",51,370,2,2,185
"3 - Cash cows",1691662,"paid","desktop","US","female",295,370,2,2,185
"3 - Cash cows",1840772,"organic search","desktop","international","female",58,370,2,2,185
"3 - Cash cows",2100967,"paid","desktop","international","female",4,371,3,1,371
"3 - Cash cows",1340822,"organic search","desktop","US","female",31,375,2,2,187.5
"3 - Cash cows",2096426,"organic search","desktop","international","female",96,375,3,2,187.5
"3 - Cash cows",1400614,"direct","mobile","US","female",163,377,3,2,188.5
"3 - Cash cows",1173067,"paid","mobile","US","female",66,378,3,3,126
"3 - Cash cows",1570127,"direct","desktop","US","female",14,378,3,3,126
"3 - Cash cows",2395955,"paid","desktop","US","female",5,378,3,3,126
"3 - Cash cows",1712297,"direct","desktop","US","female",250,380,2,1,380
"3 - Cash cows",2376622,"direct","desktop","international","female",65,380,2,1,380
"3 - Cash cows",2442486,"paid","desktop","US","female",52,380,2,1,380
"3 - Cash cows",1141470,"direct","desktop","international","female",80,380,2,2,190
"3 - Cash cows",1330491,"organic search","desktop","US","female",59,380,2,2,190
"3 - Cash cows",1454699,"direct","mobile","US","female",265,380,2,2,190
"3 - Cash cows",1520355,"direct","desktop","US","female",6,380,2,2,190
"3 - Cash cows",1584138,"paid","desktop","US","female",172,380,2,2,190
"3 - Cash cows",2014845,"paid","desktop","US","female",32,380,2,2,190
"3 - Cash cows",2139791,"direct","mobile","US","female",58,380,2,2,190
"3 - Cash cows",2243232,"paid","mobile","international","female",27,380,2,2,190
"3 - Cash cows",2448196,"organic search","mobile","US","female",13,380,2,2,190
"3 - Cash cows",2119397,"paid","desktop","international","female",118,381,3,2,190.5
"3 - Cash cows",1055665,"direct","desktop","US","female",88,385,2,1,385
"3 - Cash cows",1514425,"paid","desktop","US","female",161,385,3,2,192.5
"3 - Cash cows",1452197,"organic search","mobile","US","female",513,390,2,1,390
"3 - Cash cows",1471993,"organic search","mobile","US","female",6,390,2,1,390
"3 - Cash cows",1510071,"paid","desktop","US","female",118,390,2,2,195
"3 - Cash cows",1588746,"organic search","desktop","US","female",250,390,2,2,195
"3 - Cash cows",1823449,"organic search","desktop","US","female",274,390,2,2,195
"3 - Cash cows",1954468,"direct","desktop","US","female",217,390,2,2,195
"3 - Cash cows",2202360,"paid","desktop","US","male",39,390,2,2,195
"3 - Cash cows",2302899,"paid","mobile","US","female",42,390,2,2,195
"3 - Cash cows",1493078,"email","mobile","US","female",79,393,2,2,196.5
"3 - Cash cows",1492303,"organic search","desktop","US","female",446,395,2,1,395
"3 - Cash cows",1583710,"organic search","mobile","US","female",65,395,3,1,395
"3 - Cash cows",1900210,"organic search","mobile","US","female",156,395,3,1,395
"3 - Cash cows",587717,"email","desktop","US","female",263,395,3,2,197.5
"3 - Cash cows",2491806,"paid","desktop","US","female",16,395,3,2,197.5
"3 - Cash cows",2452173,"organic search","desktop","US","female",49,396,2,1,396
"3 - Cash cows",2573203,"paid","desktop","US","female",13,396,2,2,198
"3 - Cash cows",1376049,"direct","desktop","US","female",166,400,2,2,200
"3 - Cash cows",1712251,"paid","mobile","US","female",5,400,2,2,200
"3 - Cash cows",2002274,"direct","desktop","US","female",6,401,3,2,200.5
"3 - Cash cows",1681441,"paid","mobile","US","female",223,403,2,2,201.5
"3 - Cash cows",2116841,"organic search","mobile","international","female",149,403,2,2,201.5
"3 - Cash cows",2211416,"other","desktop","US","female",6,404,3,2,202
"3 - Cash cows",1638968,"other","desktop","US","female",115,407,3,3,135.67
"3 - Cash cows",2172733,"organic search","desktop","US","female",6,408,3,2,204
"3 - Cash cows",1590168,"paid","desktop","US","female",30,408,3,3,136
"3 - Cash cows",1445271,"paid","desktop","US","female",456,410,2,1,410
"3 - Cash cows",1368695,"direct","mobile","US","female",20,410,2,2,205
"3 - Cash cows",1385745,"paid","desktop","US","female",93,410,3,2,205
"3 - Cash cows",2491296,"paid","desktop","US","female",36,410,2,2,205
"3 - Cash cows",1691146,"paid","desktop","US","female",259,410,3,3,136.67
"3 - Cash cows",1488257,"paid","desktop","US","female",421,415,2,1,415
"3 - Cash cows",1521173,"direct","mobile","US","female",18,415,2,1,415
"3 - Cash cows",1831323,"email","mobile","US","female",6,415,3,2,207.5
"3 - Cash cows",1882050,"organic search","desktop","international","female",80,415,3,3,138.33
"3 - Cash cows",1859234,"organic search","mobile","US","female",47,418,3,3,139.33
"3 - Cash cows",1424480,"direct","desktop","international","female",34,425,3,2,212.5
"3 - Cash cows",2298674,"paid","desktop","international","female",31,425,3,2,212.5
"3 - Cash cows",1445864,"paid","desktop","US","female",106,430,2,2,215
"3 - Cash cows",2519691,"direct","desktop","US","female",6,430,4,2,215
"3 - Cash cows",1945555,"paid","desktop","US","female",37,435,3,1,435
"3 - Cash cows",2481365,"paid","desktop","US","female",43,435,3,1,435
"3 - Cash cows",1039083,"other","desktop","US","female",7,435,3,2,217.5
"3 - Cash cows",1343146,"paid","mobile","US","female",217,435,3,2,217.5
"3 - Cash cows",1884823,"direct","mobile","US","female",172,435,3,2,217.5
"3 - Cash cows",1954146,"direct","desktop","US","female",135,435,3,2,217.5
"3 - Cash cows",1998482,"paid","desktop","US","female",20,435,3,2,217.5
"3 - Cash cows",2109522,"paid","mobile","international","female",43,435,3,2,217.5
"3 - Cash cows",2464531,"email","mobile","US","female",26,435,3,2,217.5
"3 - Cash cows",718243,"email","mobile","US","female",14,435,3,3,145
"3 - Cash cows",1095128,"paid","desktop","US","female",12,435,3,3,145
"3 - Cash cows",1373129,"paid","desktop","US","female",28,435,3,3,145
"3 - Cash cows",1881250,"direct","mobile","international","female",72,435,3,3,145
"3 - Cash cows",2199231,"direct","desktop","US","female",79,435,3,3,145
"3 - Cash cows",931396,"paid","desktop","US","female",16,438,3,3,146
"3 - Cash cows",1053403,"email","desktop","US","female",102,438,3,3,146
"3 - Cash cows",1890862,"paid","mobile","US","female",222,440,3,2,220
"3 - Cash cows",872813,"organic search","desktop","international","female",28,445,3,2,222.5
"3 - Cash cows",1963361,"paid","desktop","international","female",5,445,3,2,222.5
"3 - Cash cows",1418857,"organic search","mobile","US","female",216,445,3,3,148.33
"3 - Cash cows",1888553,"paid","desktop","US","female",76,445,3,3,148.33
"3 - Cash cows",2086430,"paid","desktop","US","female",50,445,3,3,148.33
"3 - Cash cows",1505391,"direct","desktop","US","female",242,450,2,1,450
"3 - Cash cows",2257924,"paid","mobile","US","female",88,450,2,1,450
"3 - Cash cows",2492297,"direct","desktop","US","female",40,450,2,1,450
"3 - Cash cows",1385475,"email","mobile","international","female",86,450,2,2,225
"3 - Cash cows",1398614,"direct","desktop","US","female",16,450,2,2,225
"3 - Cash cows",1414325,"other","mobile","US","female",23,450,2,2,225
"3 - Cash cows",1610405,"organic search","desktop","US","female",355,450,2,2,225
"3 - Cash cows",1650572,"direct","mobile","US","male",18,450,2,2,225
"3 - Cash cows",1693540,"direct","desktop","US","female",46,450,2,2,225
"3 - Cash cows",1727803,"organic search","mobile","US","female",19,450,2,2,225
"3 - Cash cows",1761659,"direct","mobile","US","female",55,450,2,2,225
"3 - Cash cows",2055700,"paid","mobile","US","female",52,450,2,2,225
"3 - Cash cows",2289642,"organic search","desktop","US","female",78,450,2,2,225
"3 - Cash cows",2294153,"organic search","desktop","international","female",83,450,2,2,225
"3 - Cash cows",2334502,"direct","desktop","US","female",83,450,2,2,225
"3 - Cash cows",1961638,"paid","mobile","US","female",4,455,3,2,227.5
"3 - Cash cows",1907940,"direct","desktop","US","female",16,455,3,3,151.67
"3 - Cash cows",2011454,"organic search","desktop","international","female",106,455,3,3,151.67
"3 - Cash cows",2275134,"paid","mobile","international","female",6,455,3,3,151.67
"3 - Cash cows",1587255,"organic search","desktop","US","female",295,458,3,1,458
"3 - Cash cows",1743191,"direct","mobile","US","female",227,459,4,4,114.75
"3 - Cash cows",1653222,"paid","mobile","US","female",374,460,2,1,460
"3 - Cash cows",1680029,"paid","desktop","US","female",235,460,3,1,460
"3 - Cash cows",1524820,"paid","desktop","US","female",19,460,2,2,230
"3 - Cash cows",1641081,"email","mobile","US","female",32,460,2,2,230
"3 - Cash cows",1721766,"paid","desktop","US","female",121,460,2,2,230
"3 - Cash cows",2078352,"paid","desktop","US","female",90,460,2,2,230
"3 - Cash cows",2601431,"paid","desktop","US","female",9,460,2,2,230
"3 - Cash cows",2333248,"organic search","mobile","US","female",64,465,3,1,465
"3 - Cash cows",2465398,"paid","desktop","US","female",46,465,3,1,465
"3 - Cash cows",1909068,"paid","desktop","US","female",253,465,3,2,232.5
"3 - Cash cows",2035068,"direct","mobile","US","female",41,465,3,2,232.5
"3 - Cash cows",2614833,"direct","desktop","US","female",2,465,3,3,155
"3 - Cash cows",1537302,"direct","desktop","international","female",36,468,3,3,156
"3 - Cash cows",1761890,"paid","desktop","US","female",3,468,3,3,156
"3 - Cash cows",1405819,"direct","mobile","US","female",437,470,2,2,235
"3 - Cash cows",1456375,"direct","desktop","US","female",18,470,2,2,235
"3 - Cash cows",1460566,"email","desktop","US","female",96,470,2,2,235
"3 - Cash cows",1474926,"organic search","desktop","US","female",6,470,2,2,235
"3 - Cash cows",1504738,"paid","desktop","US","female",397,470,2,2,235
"3 - Cash cows",1505335,"other","desktop","US","female",399,470,2,2,235
"3 - Cash cows",1526080,"organic search","desktop","US","female",369,470,2,2,235
"3 - Cash cows",1540422,"paid","desktop","US","female",352,470,2,2,235
"3 - Cash cows",1756880,"direct","desktop","US","female",24,470,2,2,235
"3 - Cash cows",1903890,"email","desktop","international","female",10,470,2,2,235
"3 - Cash cows",2036709,"paid","desktop","US","female",26,470,2,2,235
"3 - Cash cows",2159536,"direct","desktop","US","female",20,470,2,2,235
"3 - Cash cows",2215289,"paid","desktop","US","female",123,473,3,1,473
"3 - Cash cows",1562441,"other","desktop","international","female",266,475,3,1,475
"3 - Cash cows",2390232,"direct","desktop","US","female",5,475,4,2,237.5
"3 - Cash cows",1399166,"organic search","desktop","US","female",387,480,3,1,480
"3 - Cash cows",1348733,"other","desktop","international","female",93,481,3,2,240.5
"3 - Cash cows",1568357,"direct","mobile","US","female",107,485,3,3,161.67
"3 - Cash cows",1684602,"organic search","mobile","US","female",26,485,3,3,161.67
"3 - Cash cows",1709216,"direct","desktop","US","female",162,486,4,4,121.5
"3 - Cash cows",2364819,"paid","desktop","US","female",36,488,3,2,244
"3 - Cash cows",2130367,"paid","desktop","international","female",48,490,3,3,163.33
"3 - Cash cows",1836636,"paid","desktop","international","female",109,492,3,3,164
"3 - Cash cows",2184208,"paid","desktop","US","female",7,492,4,3,164
"3 - Cash cows",1540654,"organic search","desktop","US","female",19,495,3,3,165
"3 - Cash cows",1698460,"paid","desktop","US","female",14,500,3,3,166.67
"3 - Cash cows",1994607,"organic search","desktop","US","female",105,500,4,4,125
"3 - Cash cows",1703349,"paid","desktop","US","female",321,504,3,2,252
"3 - Cash cows",1854789,"paid","desktop","US","female",251,504,3,2,252
"3 - Cash cows",2389116,"organic search","desktop","US","female",33,504,3,3,168
"3 - Cash cows",2174593,"paid","desktop","US","female",27,505,3,2,252.5
"3 - Cash cows",1439744,"other","desktop","US","female",154,514,5,4,128.5
"3 - Cash cows",365836,"email","desktop","US","female",6,514,5,5,102.8
"3 - Cash cows",1723002,"organic search","desktop","US","female",34,515,3,3,171.67
"3 - Cash cows",2477819,"paid","desktop","US","female",14,515,3,3,171.67
"3 - Cash cows",204727,"organic search","desktop","international","female",5,518,3,3,172.67
"3 - Cash cows",1107566,"paid","desktop","US","male",13,518,3,3,172.67
"3 - Cash cows",2130131,"organic search","desktop","US","female",114,523,4,2,261.5
"3 - Cash cows",1570138,"organic search","desktop","international","female",408,525,3,1,525
"3 - Cash cows",1322517,"email","mobile","US","female",258,525,3,3,175
"3 - Cash cows",1658882,"email","mobile","US","female",48,525,3,3,175
"3 - Cash cows",1399961,"direct","desktop","US","female",6,525,5,5,105
"3 - Cash cows",1531284,"paid","mobile","US","female",327,528,3,3,176
"3 - Cash cows",2112448,"direct","desktop","US","female",159,530,4,1,530
"3 - Cash cows",1603957,"paid","desktop","US","female",170,535,3,2,267.5
"3 - Cash cows",1309526,"organic search","desktop","international","female",242,535,3,3,178.33
"3 - Cash cows",1535114,"organic search","desktop","US","female",14,535,3,3,178.33
"3 - Cash cows",2099848,"paid","desktop","US","female",76,538,3,2,269
"3 - Cash cows",1702922,"organic search","mobile","US","female",47,538,3,3,179.33
"3 - Cash cows",779094,"email","desktop","US","female",76,543,4,3,181
"3 - Cash cows",1645854,"paid","mobile","US","female",7,544,4,4,136
"3 - Cash cows",1506577,"email","mobile","US","female",15,546,4,4,136.5
"3 - Cash cows",1517205,"organic search","desktop","US","female",139,548,3,3,182.67
"3 - Cash cows",1314206,"other","desktop","US","female",7,550,3,2,275
"3 - Cash cows",1471343,"direct","desktop","US","female",40,550,3,3,183.33
"3 - Cash cows",1345020,"paid","desktop","US","female",67,553,3,3,184.33
"3 - Cash cows",1528466,"paid","desktop","US","female",4,555,4,3,185
"3 - Cash cows",2062878,"direct","desktop","US","female",24,555,4,3,185
"3 - Cash cows",1415816,"direct","desktop","US","female",6,560,3,3,186.67
"3 - Cash cows",2033273,"paid","mobile","international","female",2,560,3,3,186.67
"3 - Cash cows",2474442,"paid","desktop","US","female",10,560,4,4,140
"3 - Cash cows",1994367,"paid","desktop","international","female",111,561,3,1,561
"3 - Cash cows",2098114,"organic search","mobile","international","female",37,561,3,3,187
"3 - Cash cows",2565351,"direct","mobile","US","female",20,563,3,2,281.5
"3 - Cash cows",1759788,"direct","desktop","international","female",31,568,3,3,189.33
"3 - Cash cows",2170374,"paid","desktop","international","female",84,568,3,3,189.33
"3 - Cash cows",1286966,"paid","mobile","US","female",6,569,4,3,189.67
"3 - Cash cows",1161109,"paid","desktop","US","female",25,578,3,2,289
"3 - Cash cows",855321,"email","desktop","US","female",20,580,4,2,290
"3 - Cash cows",1707176,"paid","mobile","international","female",139,580,4,2,290
"3 - Cash cows",1396192,"other","desktop","US","female",19,580,4,4,145
"3 - Cash cows",1571558,"direct","desktop","US","female",20,590,3,3,196.67
"3 - Cash cows",1729369,"organic search","desktop","US","female",81,595,3,3,198.33
"3 - Cash cows",1195711,"email","desktop","US","female",33,596,4,4,149
"3 - Cash cows",1624007,"paid","desktop","US","female",85,600,4,4,150
"3 - Cash cows",1939783,"other","desktop","US","female",26,600,4,4,150
"3 - Cash cows",1669210,"organic search","desktop","US","female",365,605,4,1,605
"3 - Cash cows",1962120,"paid","desktop","international","female",21,606,5,4,151.5
"3 - Cash cows",1938988,"paid","desktop","international","female",39,610,4,4,152.5
"3 - Cash cows",551188,"paid","mobile","US","female",126,615,4,4,153.75
"3 - Cash cows",896186,"email","mobile","US","female",27,618,3,3,206
"3 - Cash cows",1874309,"email","desktop","US","female",139,620,4,2,310
"3 - Cash cows",2406917,"paid","mobile","US","female",58,620,4,2,310
"3 - Cash cows",512797,"organic search","desktop","US","female",32,623,4,4,155.75
"3 - Cash cows",2570864,"paid","desktop","US","female",24,625,5,2,312.5
"3 - Cash cows",2029130,"organic search","mobile","international","female",171,631,5,3,210.33
"3 - Cash cows",1581379,"organic search","mobile","US","female",402,635,3,2,317.5
"3 - Cash cows",1496872,"direct","desktop","US","female",57,636,4,1,636
"3 - Cash cows",1757529,"paid","desktop","US","female",87,643,5,4,160.75
"3 - Cash cows",1565289,"organic search","mobile","US","female",52,645,3,2,322.5
"3 - Cash cows",1534379,"paid","mobile","international","female",40,650,3,2,325
"3 - Cash cows",2526092,"email","desktop","US","female",32,660,4,1,660
"3 - Cash cows",1551753,"other","desktop","international","female",140,668,5,3,222.67
"3 - Cash cows",1991586,"direct","mobile","US","female",99,670,4,3,223.33
"3 - Cash cows",1327439,"organic search","desktop","US","female",14,670,4,4,167.5
"3 - Cash cows",1627965,"paid","desktop","US","female",11,670,4,4,167.5
"3 - Cash cows",2323945,"paid","desktop","US","female",1,670,4,4,167.5
"3 - Cash cows",1727806,"organic search","mobile","US","female",186,672,4,4,168
"3 - Cash cows",1731576,"paid","mobile","US","female",60,675,3,3,225
"3 - Cash cows",1961141,"other","desktop","US","female",20,675,3,3,225
"3 - Cash cows",1356606,"organic search","desktop","US","female",66,680,4,2,340
"3 - Cash cows",1736435,"organic search","desktop","international","female",188,683,4,3,227.67
"3 - Cash cows",1398298,"organic search","mobile","US","female",162,685,3,2,342.5
"3 - Cash cows",847968,"direct","desktop","US","female",25,695,3,2,347.5
"3 - Cash cows",1506261,"direct","mobile","international","female",6,695,4,4,173.75
"3 - Cash cows",1895442,"paid","desktop","US","female",41,695,5,4,173.75
"3 - Cash cows",1923220,"paid","desktop","US","female",98,696,4,1,696
"3 - Cash cows",1843247,"organic search","desktop","US","female",45,698,5,5,139.6
"3 - Cash cows",1517298,"direct","desktop","international","female",452,700,4,1,700
"3 - Cash cows",352052,"organic search","desktop","US","female",12,700,4,2,350
"3 - Cash cows",1378637,"paid","desktop","US","female",17,700,4,2,350
"3 - Cash cows",1484016,"organic search","desktop","US","female",180,700,4,4,175
"3 - Cash cows",1869357,"direct","desktop","US","female",40,700,5,4,175
"3 - Cash cows",1095226,"organic search","desktop","US","male",116,709,5,4,177.25
"3 - Cash cows",1787527,"paid","desktop","US","female",294,715,4,2,357.5
"3 - Cash cows",1201001,"direct","desktop","US","female",48,720,4,4,180
"3 - Cash cows",1470476,"direct","mobile","US","female",66,723,4,4,180.75
"3 - Cash cows",1776255,"paid","mobile","US","female",7,724,5,4,181
"3 - Cash cows",1915273,"email","mobile","US","male",3,738,5,5,147.6
"3 - Cash cows",1320274,"other","desktop","US","female",317,740,4,2,370
"3 - Cash cows",2468259,"email","desktop","US","female",45,745,5,1,745
"3 - Cash cows",1549416,"paid","mobile","US","female",30,750,4,3,250
"3 - Cash cows",2559545,"direct","desktop","US","female",9,750,6,3,250
"3 - Cash cows",1452074,"organic search","desktop","US","female",19,760,4,3,253.33
"3 - Cash cows",1358579,"direct","desktop","US","female",242,760,5,5,152
"3 - Cash cows",859440,"email","desktop","US","female",135,762,7,3,254
"3 - Cash cows",1417342,"email","mobile","US","female",163,771,5,5,154.2
"3 - Cash cows",2313137,"organic search","desktop","US","female",12,775,4,4,193.75
"3 - Cash cows",1395570,"direct","mobile","international","female",102,779,5,4,194.75
"3 - Cash cows",1393619,"paid","mobile","US","female",3,790,5,4,197.5
"3 - Cash cows",1594113,"organic search","mobile","US","female",6,813,6,5,162.6
"3 - Cash cows",418023,"organic search","mobile","US","female",118,815,4,3,271.67
"3 - Cash cows",1774034,"organic search","desktop","US","female",67,820,5,2,410
"3 - Cash cows",2332686,"direct","desktop","US","female",80,825,5,2,412.5
"3 - Cash cows",1109873,"paid","mobile","international","female",41,825,5,4,206.25
"3 - Cash cows",2091151,"direct","desktop","US","female",38,827,5,2,413.5
"3 - Cash cows",1462903,"paid","desktop","US","female",120,835,5,4,208.75
"3 - Cash cows",1383504,"paid","desktop","US","female",24,835,5,5,167
"3 - Cash cows",1701820,"organic search","desktop","US","female",189,870,6,2,435
"3 - Cash cows",1263419,"paid","desktop","US","female",24,870,4,4,217.5
"3 - Cash cows",1277416,"paid","mobile","US","female",5,887,6,3,295.67
"3 - Cash cows",1681814,"paid","desktop","US","female",54,890,6,3,296.67
"3 - Cash cows",1640268,"organic search","desktop","US","female",16,913,5,4,228.25
"3 - Cash cows",1586749,"paid","desktop","US","female",395,915,5,2,457.5
"3 - Cash cows",1358098,"organic search","desktop","international","female",6,930,6,6,155
"3 - Cash cows",1508040,"organic search","desktop","international","female",116,940,4,3,313.33
"3 - Cash cows",1802088,"organic search","desktop","international","female",6,1012,7,4,253
"3 - Cash cows",1946515,"direct","desktop","US","female",90,1051,7,5,210.2
"3 - Cash cows",1554239,"organic search","mobile","international","female",15,1174,7,4,293.5
"3 - Cash cows",1438942,"organic search","desktop","US","female",6,1179,9,9,131
"3 - Cash cows",1446630,"paid","desktop","US","female",62,1215,8,3,405
"3 - Cash cows",1696448,"paid","mobile","US","female",2,1264,9,5,252.8
"4 - New lovers",1332143,"organic search","desktop","US","female",173,290,2,1,290
"4 - New lovers",1889273,"email","desktop","US","female",51,290,2,1,290
"4 - New lovers",1990706,"paid","mobile","international","female",207,290,2,1,290
"4 - New lovers",2076598,"paid","mobile","international","female",91,290,2,1,290
"4 - New lovers",2215723,"paid","desktop","US","female",82,290,2,1,290
"4 - New lovers",2216485,"direct","desktop","international","female",30,290,2,1,290
"4 - New lovers",2279283,"paid","mobile","US","female",102,290,2,1,290
"4 - New lovers",2315068,"paid","mobile","US","female",52,290,2,1,290
"4 - New lovers",2341396,"paid","mobile","US","female",85,290,2,1,290
"4 - New lovers",2346835,"paid","desktop","US","female",84,290,2,1,290
"4 - New lovers",2347408,"paid","mobile","US","female",14,290,2,1,290
"4 - New lovers",2361946,"paid","desktop","US","female",18,290,2,1,290
"4 - New lovers",2408127,"paid","desktop","US","female",62,290,2,1,290
"4 - New lovers",2430586,"paid","desktop","US","female",55,290,2,1,290
"4 - New lovers",2532011,"organic search","desktop","US","female",31,290,2,1,290
"4 - New lovers",2610034,"paid","mobile","US","female",15,290,2,1,290
"4 - New lovers",1703362,"organic search","desktop","US","female",5,283,2,1,283
"4 - New lovers",1926667,"email","mobile","US","female",110,271,2,1,271
"4 - New lovers",1691123,"email","desktop","US","female",48,270,2,1,270
"4 - New lovers",2081879,"direct","desktop","US","female",172,270,2,1,270
"4 - New lovers",2098546,"direct","mobile","US","female",137,270,2,1,270
"4 - New lovers",2359417,"direct","desktop","US","female",74,270,2,1,270
"4 - New lovers",2388201,"paid","desktop","international","female",69,270,2,1,270
"4 - New lovers",2262025,"paid","mobile","international","female",102,265,2,1,265
"4 - New lovers",2454485,"paid","desktop","international","female",48,265,2,1,265
"4 - New lovers",2640897,"organic search","desktop","international","female",6,264,2,1,264
"4 - New lovers",2117456,"paid","desktop","US","female",157,263,2,1,263
"4 - New lovers",2114952,"direct","desktop","US","female",158,262,2,1,262
"4 - New lovers",2225165,"organic search","desktop","international","female",119,250,2,1,250
"4 - New lovers",2171237,"other","desktop","US","female",137,245,2,1,245
"4 - New lovers",2095987,"organic search","mobile","US","female",6,236,2,1,236
"4 - New lovers",458262,"direct","mobile","US","male",17,235,1,1,235
"4 - New lovers",1573294,"paid","mobile","US","female",52,235,1,1,235
"4 - New lovers",1650314,"paid","desktop","US","female",6,235,1,1,235
"4 - New lovers",1777549,"organic search","desktop","international","female",88,235,1,1,235
"4 - New lovers",1849612,"direct","desktop","US","female",105,235,1,1,235
"4 - New lovers",1911217,"direct","mobile","US","female",43,235,1,1,235
"4 - New lovers",1923672,"organic search","desktop","US","female",7,235,1,1,235
"4 - New lovers",1970719,"direct","desktop","international","female",43,235,1,1,235
"4 - New lovers",2012366,"organic search","desktop","US","female",5,235,1,1,235
"4 - New lovers",2140260,"direct","mobile","US","female",65,235,1,1,235
"4 - New lovers",2242297,"organic search","desktop","international","female",37,235,1,1,235
"4 - New lovers",2296710,"paid","desktop","US","female",97,235,1,1,235
"4 - New lovers",2380954,"organic search","desktop","US","female",54,235,1,1,235
"4 - New lovers",2436274,"direct","desktop","international","female",46,235,1,1,235
"4 - New lovers",2466799,"paid","mobile","US","female",34,235,1,1,235
"4 - New lovers",2569853,"paid","mobile","US","female",24,235,1,1,235
"4 - New lovers",2584056,"paid","desktop","US","female",21,235,1,1,235
"4 - New lovers",2624550,"organic search","mobile","US","male",12,235,1,1,235
"4 - New lovers",2645224,"direct","desktop","US","female",6,235,1,1,235
"4 - New lovers",1792314,"direct","desktop","international","female",139,233,2,1,233
"4 - New lovers",1798271,"email","mobile","international","female",126,233,2,1,233
"4 - New lovers",2188794,"paid","mobile","international","female",3,227,2,1,227
"4 - New lovers",2549246,"organic search","mobile","international","female",4,227,2,1,227
"4 - New lovers",2644277,"direct","desktop","US","female",6,227,2,1,227
"4 - New lovers",170231,"organic search","desktop","US","female",1,225,1,1,225
"4 - New lovers",499949,"email","desktop","US","female",69,225,1,1,225
"4 - New lovers",1160157,"paid","desktop","US","female",66,225,1,1,225
"4 - New lovers",1318074,"email","mobile","US","female",54,225,1,1,225
"4 - New lovers",1361668,"organic search","desktop","US","female",2,225,1,1,225
"4 - New lovers",1444462,"organic search","desktop","international","female",4,225,1,1,225
"4 - New lovers",1454999,"organic search","mobile","international","female",32,225,1,1,225
"4 - New lovers",1473884,"email","mobile","US","female",41,225,1,1,225
"4 - New lovers",1535575,"paid","desktop","international","female",31,225,1,1,225
"4 - New lovers",1571000,"organic search","desktop","international","female",41,225,1,1,225
"4 - New lovers",1584276,"organic search","desktop","US","female",126,225,1,1,225
"4 - New lovers",1609136,"other","mobile","US","female",19,225,1,1,225
"4 - New lovers",1667275,"paid","desktop","US","female",65,225,1,1,225
"4 - New lovers",1669459,"email","mobile","international","female",43,225,1,1,225
"4 - New lovers",1712492,"direct","mobile","US","male",17,225,1,1,225
"4 - New lovers",1772661,"organic search","desktop","international","female",74,225,1,1,225
"4 - New lovers",1823796,"paid","mobile","US","female",74,225,1,1,225
"4 - New lovers",1840066,"direct","desktop","US","female",66,225,1,1,225
"4 - New lovers",1932649,"paid","mobile","international","female",58,225,1,1,225
"4 - New lovers",1966434,"paid","desktop","US","female",24,225,1,1,225
"4 - New lovers",1967257,"paid","desktop","international","female",6,225,1,1,225
"4 - New lovers",2015071,"paid","mobile","US","female",99,225,1,1,225
"4 - New lovers",2111829,"paid","mobile","international","female",63,225,1,1,225
"4 - New lovers",2139003,"paid","mobile","US","female",82,225,1,1,225
"4 - New lovers",2140271,"direct","mobile","US","female",12,225,1,1,225
"4 - New lovers",2153200,"direct","desktop","US","female",75,225,1,1,225
"4 - New lovers",2175477,"organic search","desktop","US","female",26,225,1,1,225
"4 - New lovers",2192326,"organic search","mobile","US","female",3,225,1,1,225
"4 - New lovers",2210461,"organic search","desktop","international","female",110,225,1,1,225
"4 - New lovers",2213183,"other","desktop","US","female",123,225,1,1,225
"4 - New lovers",2213904,"email","mobile","US","female",90,225,1,1,225
"4 - New lovers",2236881,"paid","desktop","US","female",29,225,1,1,225
"4 - New lovers",2284905,"other","mobile","US","female",83,225,1,1,225
"4 - New lovers",2320650,"direct","mobile","US","female",6,225,1,1,225
"4 - New lovers",2325334,"direct","desktop","US","female",90,225,1,1,225
"4 - New lovers",2332539,"direct","desktop","US","female",88,225,1,1,225
"4 - New lovers",2347457,"organic search","mobile","US","female",84,225,1,1,225
"4 - New lovers",2348515,"organic search","desktop","US","female",82,225,1,1,225
"4 - New lovers",2357298,"email","desktop","US","female",80,225,1,1,225
"4 - New lovers",2399196,"paid","mobile","US","female",65,225,1,1,225
"4 - New lovers",2438266,"direct","mobile","international","female",53,225,1,1,225
"4 - New lovers",2438857,"organic search","desktop","US","female",53,225,1,1,225
"4 - New lovers",2440306,"paid","mobile","international","female",51,225,1,1,225
"4 - New lovers",2492201,"paid","desktop","US","female",29,225,1,1,225
"4 - New lovers",2507905,"organic search","desktop","international","female",36,225,1,1,225
"4 - New lovers",2517374,"direct","mobile","US","male",34,225,1,1,225
"4 - New lovers",2605369,"paid","mobile","international","female",1,225,1,1,225
"4 - New lovers",2621226,"direct","desktop","US","female",13,225,1,1,225
"4 - New lovers",2636602,"paid","desktop","US","female",3,225,1,1,225
"4 - New lovers",2664357,"other","mobile","international","female",3,225,1,1,225
"4 - New lovers",2140966,"paid","desktop","US","female",148,214,2,1,214
"4 - New lovers",2155635,"direct","mobile","US","female",104,214,2,1,214
"4 - New lovers",2348105,"direct","desktop","international","female",6,211,2,1,211
"4 - New lovers",889693,"organic search","mobile","US","female",57,198,1,1,198
"4 - New lovers",1117684,"email","mobile","international","female",55,198,1,1,198
"4 - New lovers",1520579,"direct","mobile","US","female",114,198,1,1,198
"4 - New lovers",1619580,"paid","desktop","US","female",28,198,1,1,198
"4 - New lovers",2007787,"organic search","desktop","US","female",110,198,1,1,198
"4 - New lovers",2213593,"paid","desktop","US","female",101,198,1,1,198
"4 - New lovers",2234570,"organic search","desktop","international","female",104,198,1,1,198
"4 - New lovers",2477620,"other","mobile","international","female",43,198,1,1,198
"4 - New lovers",2637137,"direct","mobile","US","female",6,198,1,1,198
"4 - New lovers",2334297,"email","mobile","US","female",2,197,2,1,197
"4 - New lovers",2614065,"direct","desktop","US","female",15,186,2,1,186
"4 - New lovers",1649721,"organic search","desktop","US","female",207,185,1,1,185
"4 - New lovers",2247575,"paid","mobile","international","female",7,184,2,1,184
"4 - New lovers",877496,"direct","desktop","US","female",43,180,1,1,180
"4 - New lovers",1560563,"organic search","desktop","international","female",210,180,1,1,180
"4 - New lovers",1741766,"paid","mobile","international","female",6,180,1,1,180
"4 - New lovers",1813004,"organic search","desktop","international","female",110,180,1,1,180
"4 - New lovers",2307743,"paid","desktop","US","female",5,180,1,1,180
"4 - New lovers",2318194,"paid","mobile","US","female",85,180,1,1,180
"4 - New lovers",2384782,"paid","desktop","international","female",23,180,1,1,180
"4 - New lovers",2406983,"paid","desktop","US","female",34,180,1,1,180
"4 - New lovers",2559938,"direct","desktop","US","female",26,180,1,1,180
"4 - New lovers",2573721,"other","desktop","US","female",24,180,1,1,180
"4 - New lovers",2615308,"other","mobile","US","female",14,180,1,1,180
"4 - New lovers",937164,"paid","desktop","US","female",53,176,2,1,176
"4 - New lovers",1835830,"paid","desktop","US","female",180,176,2,1,176
"4 - New lovers",1942668,"paid","mobile","US","female",131,176,2,1,176
"4 - New lovers",2037713,"direct","desktop","US","female",193,176,2,1,176
"4 - New lovers",2038055,"other","mobile","US","female",193,176,2,1,176
"4 - New lovers",2351977,"organic search","mobile","US","female",6,176,2,1,176
"4 - New lovers",606786,"email","mobile","US","female",33,175,1,1,175
"4 - New lovers",1364525,"paid","desktop","international","female",5,175,1,1,175
"4 - New lovers",1666095,"paid","desktop","US","female",207,175,1,1,175
"4 - New lovers",1668252,"email","desktop","US","female",174,175,1,1,175
"4 - New lovers",1840505,"paid","mobile","US","female",150,175,1,1,175
"4 - New lovers",1936807,"organic search","desktop","international","female",163,175,1,1,175
"4 - New lovers",1982225,"organic search","desktop","international","female",188,175,1,1,175
"4 - New lovers",2170931,"organic search","desktop","US","female",24,175,1,1,175
"4 - New lovers",2172564,"direct","mobile","international","female",136,175,1,1,175
"4 - New lovers",2274020,"paid","desktop","US","female",95,175,1,1,175
"4 - New lovers",2330922,"paid","desktop","US","female",49,175,1,1,175
"4 - New lovers",2337455,"paid","mobile","US","female",86,175,1,1,175
"4 - New lovers",2358486,"paid","desktop","US","female",80,175,1,1,175
"4 - New lovers",2363332,"paid","desktop","US","female",78,175,1,1,175
"4 - New lovers",2367809,"direct","desktop","US","female",77,175,1,1,175
"4 - New lovers",2395944,"email","desktop","US","female",4,175,1,1,175
"4 - New lovers",2605598,"direct","desktop","US","female",16,175,1,1,175
"4 - New lovers",1945943,"direct","desktop","US","female",204,170,1,1,170
"4 - New lovers",308725,"direct","desktop","US","female",99,168,1,1,168
"4 - New lovers",1069849,"paid","mobile","international","female",39,168,1,1,168
"4 - New lovers",1298697,"organic search","desktop","US","female",92,168,1,1,168
"4 - New lovers",1391629,"paid","mobile","international","female",127,168,1,1,168
"4 - New lovers",1433580,"organic search","desktop","US","female",4,168,1,1,168
"4 - New lovers",1572518,"direct","mobile","US","female",25,168,1,1,168
"4 - New lovers",1693904,"direct","mobile","international","female",20,168,1,1,168
"4 - New lovers",1702893,"email","mobile","US","female",201,168,1,1,168
"4 - New lovers",1745557,"organic search","desktop","US","female",76,168,1,1,168
"4 - New lovers",1810283,"direct","desktop","US","female",107,168,1,1,168
"4 - New lovers",1813633,"email","desktop","US","female",97,168,1,1,168
"4 - New lovers",1838736,"direct","mobile","US","female",12,168,1,1,168
"4 - New lovers",1949413,"direct","mobile","US","female",199,168,1,1,168
"4 - New lovers",2028492,"organic search","mobile","US","female",196,168,1,1,168
"4 - New lovers",2051164,"paid","desktop","US","female",179,168,1,1,168
"4 - New lovers",2057185,"paid","mobile","US","female",121,168,1,1,168
"4 - New lovers",2075468,"organic search","mobile","US","female",56,168,1,1,168
"4 - New lovers",2079503,"paid","mobile","US","female",115,168,1,1,168
"4 - New lovers",2101602,"organic search","desktop","international","female",39,168,1,1,168
"4 - New lovers",2126593,"paid","mobile","international","female",144,168,1,1,168
"4 - New lovers",2134875,"organic search","desktop","US","female",150,168,1,1,168
"4 - New lovers",2156834,"organic search","desktop","US","female",77,168,1,1,168
"4 - New lovers",2217144,"organic search","mobile","US","female",86,168,1,1,168
"4 - New lovers",2244562,"paid","mobile","international","female",113,168,1,1,168
"4 - New lovers",2250941,"paid","desktop","US","female",112,168,1,1,168
"4 - New lovers",2257205,"other","desktop","international","female",110,168,1,1,168
"4 - New lovers",2262652,"direct","desktop","US","female",108,168,1,1,168
"4 - New lovers",2263849,"paid","desktop","US","female",71,168,1,1,168
"4 - New lovers",2268064,"organic search","desktop","US","female",106,168,1,1,168
"4 - New lovers",2330504,"direct","desktop","US","female",81,168,1,1,168
"4 - New lovers",2358184,"paid","desktop","US","female",80,168,1,1,168
"4 - New lovers",2381209,"organic search","mobile","US","female",72,168,1,1,168
"4 - New lovers",2398002,"other","desktop","US","female",66,168,1,1,168
"4 - New lovers",2400602,"paid","desktop","US","female",65,168,1,1,168
"4 - New lovers",2424535,"paid","desktop","US","female",57,168,1,1,168
"4 - New lovers",2448354,"paid","mobile","US","female",39,168,1,1,168
"4 - New lovers",2464076,"paid","desktop","US","female",46,168,1,1,168
"4 - New lovers",2489889,"organic search","desktop","international","female",39,168,1,1,168
"4 - New lovers",2490947,"paid","mobile","international","female",41,168,1,1,168
"4 - New lovers",2515268,"direct","desktop","US","female",14,168,1,1,168
"4 - New lovers",2590540,"direct","desktop","US","female",20,168,1,1,168
"4 - New lovers",2636507,"direct","mobile","US","female",7,168,1,1,168
"4 - New lovers",2657033,"direct","desktop","US","female",4,168,1,1,168
"4 - New lovers",2661011,"organic search","desktop","international","female",2,168,1,1,168
"4 - New lovers",1491415,"organic search","desktop","US","female",6,165,1,1,165
"4 - New lovers",1719989,"email","mobile","US","female",6,165,1,1,165
"4 - New lovers",1881204,"paid","desktop","US","female",6,165,1,1,165
"4 - New lovers",2052757,"other","desktop","US","female",6,165,1,1,165
"4 - New lovers",2368839,"paid","mobile","US","female",6,165,1,1,165
"4 - New lovers",2467585,"paid","mobile","US","female",6,165,1,1,165
"4 - New lovers",2648211,"paid","mobile","US","female",6,165,1,1,165
"4 - New lovers",2652276,"organic search","desktop","US","female",5,165,1,1,165
"4 - New lovers",1630151,"organic search","desktop","US","female",121,160,1,1,160
"4 - New lovers",1689056,"paid","desktop","US","female",70,160,1,1,160
"4 - New lovers",2033287,"paid","desktop","US","female",1,160,1,1,160
"4 - New lovers",2135878,"organic search","desktop","US","female",12,160,1,1,160
"4 - New lovers",2288437,"paid","mobile","US","female",51,160,1,1,160
"4 - New lovers",2307670,"other","mobile","US","female",87,160,1,1,160
"4 - New lovers",2326306,"organic search","mobile","US","female",90,160,1,1,160
"4 - New lovers",2327320,"paid","desktop","US","female",90,160,1,1,160
"4 - New lovers",2338067,"paid","desktop","US","female",86,160,1,1,160
"4 - New lovers",2380220,"other","desktop","US","female",72,160,1,1,160
"4 - New lovers",2393046,"direct","desktop","US","female",28,160,1,1,160
"4 - New lovers",2622072,"direct","desktop","US","female",13,160,1,1,160
"4 - New lovers",107339,"direct","desktop","US","male",26,155,1,1,155
"4 - New lovers",415350,"email","desktop","international","female",40,155,1,1,155
"4 - New lovers",1355846,"organic search","mobile","international","female",36,155,1,1,155
"4 - New lovers",1440406,"direct","desktop","US","female",25,155,1,1,155
"4 - New lovers",1453920,"email","desktop","international","female",43,155,1,1,155
"4 - New lovers",1485457,"organic search","desktop","US","female",3,155,1,1,155
"4 - New lovers",1681159,"paid","mobile","US","female",15,155,1,1,155
"4 - New lovers",1682842,"email","desktop","US","female",35,155,1,1,155
"4 - New lovers",1713929,"email","mobile","US","female",11,155,1,1,155
"4 - New lovers",1871731,"paid","mobile","international","female",5,155,1,1,155
"4 - New lovers",2075059,"paid","desktop","international","female",175,155,1,1,155
"4 - New lovers",2119651,"organic search","desktop","US","female",156,155,1,1,155
"4 - New lovers",2183769,"organic search","mobile","US","female",47,155,1,1,155
"4 - New lovers",2188407,"organic search","desktop","US","female",122,155,1,1,155
"4 - New lovers",2198662,"organic search","desktop","US","female",100,155,1,1,155
"4 - New lovers",2207637,"organic search","desktop","international","female",125,155,1,1,155
"4 - New lovers",2212099,"organic search","mobile","US","female",124,155,1,1,155
"4 - New lovers",2267419,"paid","desktop","US","female",85,155,1,1,155
"4 - New lovers",2295295,"other","mobile","US","female",80,155,1,1,155
"4 - New lovers",2319182,"organic search","mobile","US","female",46,155,1,1,155
"4 - New lovers",2366619,"email","desktop","US","female",77,155,1,1,155
"4 - New lovers",2368326,"paid","desktop","US","female",77,155,1,1,155
"4 - New lovers",2370025,"organic search","desktop","US","female",76,155,1,1,155
"4 - New lovers",2380321,"paid","mobile","US","female",72,155,1,1,155
"4 - New lovers",2380352,"paid","desktop","US","female",72,155,1,1,155
"4 - New lovers",2380356,"paid","desktop","US","female",72,155,1,1,155
"4 - New lovers",2387698,"organic search","desktop","US","female",70,155,1,1,155
"4 - New lovers",2397335,"paid","desktop","US","female",66,155,1,1,155
"4 - New lovers",2408284,"paid","desktop","US","female",62,155,1,1,155
"4 - New lovers",2409356,"paid","desktop","international","female",59,155,1,1,155
"4 - New lovers",2415465,"paid","desktop","US","female",59,155,1,1,155
"4 - New lovers",2449183,"other","mobile","US","female",15,155,1,1,155
"4 - New lovers",2449848,"paid","desktop","US","female",37,155,1,1,155
"4 - New lovers",2452518,"paid","desktop","US","female",19,155,1,1,155
"4 - New lovers",2456373,"paid","desktop","US","female",12,155,1,1,155
"4 - New lovers",2459690,"organic search","desktop","US","female",47,155,1,1,155
"4 - New lovers",2465286,"paid","desktop","US","female",35,155,1,1,155
"4 - New lovers",2466451,"paid","mobile","US","female",43,155,1,1,155
"4 - New lovers",2482869,"organic search","desktop","international","female",42,155,1,1,155
"4 - New lovers",2494637,"paid","mobile","international","female",39,155,1,1,155
"4 - New lovers",2516679,"paid","desktop","US","female",35,155,1,1,155
"4 - New lovers",2522125,"paid","mobile","US","female",34,155,1,1,155
"4 - New lovers",2542371,"direct","desktop","US","female",29,155,1,1,155
"4 - New lovers",2546290,"direct","desktop","US","female",28,155,1,1,155
"4 - New lovers",2561556,"paid","mobile","international","female",17,155,1,1,155
"4 - New lovers",2568081,"direct","desktop","US","female",25,155,1,1,155
"4 - New lovers",2585050,"direct","desktop","US","female",21,155,1,1,155
"4 - New lovers",2592501,"paid","mobile","US","female",20,155,1,1,155
"4 - New lovers",2599897,"paid","desktop","US","female",18,155,1,1,155
"4 - New lovers",2610698,"direct","mobile","US","female",15,155,1,1,155
"4 - New lovers",2616580,"paid","desktop","US","female",13,155,1,1,155
"4 - New lovers",2619536,"paid","desktop","US","male",13,155,1,1,155
"4 - New lovers",2621770,"paid","desktop","US","female",13,155,1,1,155
"4 - New lovers",2630603,"other","desktop","US","male",9,155,1,1,155
"4 - New lovers",2655292,"paid","desktop","US","female",5,155,1,1,155
"4 - New lovers",2567240,"paid","desktop","US","female",6,150,2,1,150
"4 - New lovers",268792,"direct","desktop","US","female",136,290,2,2,145
"4 - New lovers",292843,"email","desktop","US","female",170,290,2,2,145
"4 - New lovers",356897,"email","mobile","US","female",46,145,1,1,145
"4 - New lovers",461736,"direct","mobile","US","female",136,145,1,1,145
"4 - New lovers",540636,"paid","desktop","US","female",132,145,1,1,145
"4 - New lovers",546646,"organic search","desktop","US","female",57,145,1,1,145
"4 - New lovers",688208,"email","mobile","US","female",79,145,1,1,145
"4 - New lovers",740803,"paid","desktop","US","female",78,145,1,1,145
"4 - New lovers",792680,"email","desktop","US","female",52,145,1,1,145
"4 - New lovers",795370,"paid","desktop","US","female",59,145,1,1,145
"4 - New lovers",799664,"paid","desktop","US","female",4,145,1,1,145
"4 - New lovers",811177,"organic search","desktop","US","female",98,145,1,1,145
"4 - New lovers",936027,"organic search","desktop","US","female",125,290,2,2,145
"4 - New lovers",941115,"paid","desktop","US","female",29,290,2,2,145
"4 - New lovers",1029541,"direct","desktop","US","female",6,290,2,2,145
"4 - New lovers",1045252,"direct","desktop","international","female",159,145,1,1,145
"4 - New lovers",1161328,"direct","desktop","US","female",163,145,1,1,145
"4 - New lovers",1218870,"paid","desktop","US","female",94,145,1,1,145
"4 - New lovers",1222819,"paid","desktop","international","female",57,145,1,1,145
"4 - New lovers",1276139,"paid","desktop","international","female",139,145,1,1,145
"4 - New lovers",1286130,"other","desktop","US","female",85,145,1,1,145
"4 - New lovers",1347512,"direct","mobile","US","female",199,145,1,1,145
"4 - New lovers",1357501,"paid","desktop","US","female",57,145,1,1,145
"4 - New lovers",1375639,"organic search","desktop","US","female",130,145,1,1,145
"4 - New lovers",1422755,"direct","mobile","US","female",65,145,1,1,145
"4 - New lovers",1432877,"direct","desktop","US","female",27,145,1,1,145
"4 - New lovers",1442291,"organic search","mobile","international","female",69,145,1,1,145
"4 - New lovers",1452683,"paid","desktop","US","female",156,145,1,1,145
"4 - New lovers",1459126,"paid","mobile","US","female",85,145,1,1,145
"4 - New lovers",1473623,"paid","desktop","US","female",184,145,1,1,145
"4 - New lovers",1497236,"paid","desktop","US","female",51,145,1,1,145
"4 - New lovers",1497633,"paid","mobile","US","female",134,290,2,2,145
"4 - New lovers",1505276,"organic search","desktop","international","female",42,145,1,1,145
"4 - New lovers",1512399,"direct","desktop","US","female",4,145,1,1,145
"4 - New lovers",1536737,"organic search","mobile","international","female",39,145,1,1,145
"4 - New lovers",1548430,"direct","desktop","international","female",13,145,1,1,145
"4 - New lovers",1552437,"organic search","desktop","international","female",71,145,1,1,145
"4 - New lovers",1611027,"organic search","desktop","US","female",170,145,1,1,145
"4 - New lovers",1616629,"direct","desktop","US","female",22,290,2,2,145
"4 - New lovers",1624542,"direct","desktop","international","female",57,145,1,1,145
"4 - New lovers",1633781,"email","desktop","US","female",192,145,1,1,145
"4 - New lovers",1659220,"direct","mobile","international","female",60,145,1,1,145
"4 - New lovers",1660138,"paid","mobile","US","female",172,145,1,1,145
"4 - New lovers",1699947,"paid","desktop","US","female",172,145,1,1,145
"4 - New lovers",1703894,"paid","desktop","US","female",98,145,1,1,145
"4 - New lovers",1707472,"paid","desktop","US","female",196,145,1,1,145
"4 - New lovers",1709141,"email","mobile","US","female",10,145,1,1,145
"4 - New lovers",1711828,"organic search","desktop","US","female",79,145,1,1,145
"4 - New lovers",1759221,"other","desktop","US","female",38,145,1,1,145
"4 - New lovers",1771263,"paid","desktop","US","female",129,290,2,2,145
"4 - New lovers",1800182,"email","desktop","US","female",31,145,1,1,145
"4 - New lovers",1805851,"paid","desktop","US","female",12,145,1,1,145
"4 - New lovers",1807223,"paid","mobile","US","female",69,145,1,1,145
"4 - New lovers",1811923,"email","mobile","US","female",47,145,1,1,145
"4 - New lovers",1813942,"paid","desktop","US","female",145,145,1,1,145
"4 - New lovers",1836507,"paid","desktop","US","female",101,145,1,1,145
"4 - New lovers",1867983,"direct","mobile","international","female",172,145,1,1,145
"4 - New lovers",1868516,"paid","mobile","US","female",172,290,2,2,145
"4 - New lovers",1877807,"paid","desktop","US","female",159,145,1,1,145
"4 - New lovers",1878521,"paid","desktop","US","female",29,145,1,1,145
"4 - New lovers",1879423,"paid","desktop","US","female",196,145,1,1,145
"4 - New lovers",1879946,"direct","mobile","US","female",19,145,1,1,145
"4 - New lovers",1886419,"paid","mobile","international","female",196,145,1,1,145
"4 - New lovers",1889382,"email","mobile","international","female",114,145,1,1,145
"4 - New lovers",1890608,"paid","desktop","US","female",210,145,1,1,145
"4 - New lovers",1891317,"email","desktop","US","female",139,145,1,1,145
"4 - New lovers",1891357,"direct","desktop","international","female",132,145,1,1,145
"4 - New lovers",1891424,"organic search","desktop","international","female",49,145,1,1,145
"4 - New lovers",1891850,"paid","desktop","US","female",172,145,1,1,145
"4 - New lovers",1897547,"paid","mobile","US","female",32,145,1,1,145
"4 - New lovers",1899489,"direct","mobile","US","female",184,145,1,1,145
"4 - New lovers",1903388,"paid","desktop","US","female",184,145,1,1,145
"4 - New lovers",1912507,"paid","desktop","US","female",63,145,1,1,145
"4 - New lovers",1915453,"paid","desktop","US","female",126,145,1,1,145
"4 - New lovers",1928597,"paid","desktop","US","female",125,145,1,1,145
"4 - New lovers",1930156,"email","desktop","US","female",6,145,1,1,145
"4 - New lovers",1939098,"paid","desktop","US","female",162,145,1,1,145
"4 - New lovers",1942437,"paid","desktop","US","female",71,145,1,1,145
"4 - New lovers",1951944,"organic search","mobile","US","female",185,290,2,2,145
"4 - New lovers",1954389,"paid","mobile","international","female",52,145,1,1,145
"4 - New lovers",1960890,"email","mobile","US","female",68,145,1,1,145
"4 - New lovers",1962515,"organic search","desktop","US","male",148,145,1,1,145
"4 - New lovers",1966406,"paid","desktop","US","female",87,145,1,1,145
"4 - New lovers",1996447,"paid","desktop","US","female",22,290,2,2,145
"4 - New lovers",1997233,"email","mobile","international","female",40,145,1,1,145
"4 - New lovers",2002236,"organic search","desktop","US","female",214,145,1,1,145
"4 - New lovers",2005549,"direct","desktop","US","female",188,145,1,1,145
"4 - New lovers",2013685,"email","mobile","US","female",78,145,1,1,145
"4 - New lovers",2019849,"organic search","desktop","US","male",204,145,1,1,145
"4 - New lovers",2033464,"email","mobile","international","female",139,145,1,1,145
"4 - New lovers",2035512,"paid","desktop","US","female",195,145,1,1,145
"4 - New lovers",2037155,"direct","mobile","international","female",97,145,1,1,145
"4 - New lovers",2038646,"paid","desktop","US","female",193,145,1,1,145
"4 - New lovers",2046676,"paid","desktop","US","female",189,145,1,1,145
"4 - New lovers",2049907,"paid","mobile","US","female",172,145,1,1,145
"4 - New lovers",2055376,"organic search","desktop","US","female",132,145,1,1,145
"4 - New lovers",2056205,"paid","desktop","international","female",171,290,2,2,145
"4 - New lovers",2063385,"paid","desktop","US","female",181,145,1,1,145
"4 - New lovers",2066019,"paid","desktop","US","female",180,145,1,1,145
"4 - New lovers",2071964,"direct","desktop","US","female",177,145,1,1,145
"4 - New lovers",2081386,"organic search","desktop","US","male",172,145,1,1,145
"4 - New lovers",2081399,"direct","desktop","US","female",172,145,1,1,145
"4 - New lovers",2082374,"paid","desktop","US","female",171,145,1,1,145
"4 - New lovers",2084066,"organic search","desktop","US","female",171,145,1,1,145
"4 - New lovers",2085285,"organic search","mobile","US","female",17,145,1,1,145
"4 - New lovers",2086472,"paid","mobile","international","female",170,145,1,1,145
"4 - New lovers",2086733,"paid","mobile","US","female",142,145,1,1,145
"4 - New lovers",2086967,"organic search","mobile","US","female",169,145,1,1,145
"4 - New lovers",2093241,"paid","desktop","US","female",167,145,1,1,145
"4 - New lovers",2095576,"paid","desktop","US","female",166,145,1,1,145
"4 - New lovers",2100049,"organic search","mobile","international","female",161,145,1,1,145
"4 - New lovers",2105958,"organic search","mobile","international","female",140,145,1,1,145
"4 - New lovers",2106130,"paid","mobile","US","female",109,145,1,1,145
"4 - New lovers",2110773,"organic search","desktop","US","female",89,145,1,1,145
"4 - New lovers",2111273,"organic search","mobile","US","female",24,145,1,1,145
"4 - New lovers",2113596,"paid","desktop","US","female",17,145,1,1,145
"4 - New lovers",2114826,"organic search","desktop","international","female",38,290,2,2,145
"4 - New lovers",2118650,"paid","mobile","US","female",111,145,1,1,145
"4 - New lovers",2118772,"paid","mobile","US","female",26,145,1,1,145
"4 - New lovers",2120651,"paid","mobile","US","female",152,145,1,1,145
"4 - New lovers",2131760,"paid","desktop","US","female",151,145,1,1,145
"4 - New lovers",2136745,"paid","mobile","international","female",42,145,1,1,145
"4 - New lovers",2139975,"paid","desktop","US","female",129,290,2,2,145
"4 - New lovers",2140277,"paid","mobile","US","female",10,290,2,2,145
"4 - New lovers",2141333,"paid","mobile","US","female",53,145,1,1,145
"4 - New lovers",2149942,"organic search","mobile","international","female",143,145,1,1,145
"4 - New lovers",2155509,"organic search","mobile","international","female",142,145,1,1,145
"4 - New lovers",2157191,"paid","mobile","US","female",47,145,1,1,145
"4 - New lovers",2157211,"organic search","desktop","US","female",142,145,1,1,145
"4 - New lovers",2157656,"paid","mobile","international","female",108,290,2,2,145
"4 - New lovers",2159302,"paid","mobile","US","female",127,145,1,1,145
"4 - New lovers",2160118,"organic search","desktop","US","female",141,145,1,1,145
"4 - New lovers",2165851,"email","mobile","international","female",50,145,1,1,145
"4 - New lovers",2165938,"paid","desktop","US","female",139,145,1,1,145
"4 - New lovers",2168746,"paid","desktop","international","female",138,145,1,1,145
"4 - New lovers",2168756,"paid","mobile","US","female",138,145,1,1,145
"4 - New lovers",2171248,"paid","mobile","US","female",137,145,1,1,145
"4 - New lovers",2174581,"paid","mobile","US","female",136,145,1,1,145
"4 - New lovers",2174978,"paid","desktop","international","female",136,145,1,1,145
"4 - New lovers",2175259,"paid","desktop","US","female",136,145,1,1,145
"4 - New lovers",2179118,"paid","mobile","US","female",135,145,1,1,145
"4 - New lovers",2180900,"paid","desktop","US","female",134,145,1,1,145
"4 - New lovers",2189366,"paid","desktop","US","female",46,145,1,1,145
"4 - New lovers",2192192,"organic search","mobile","international","female",130,145,1,1,145
"4 - New lovers",2197390,"organic search","desktop","international","female",128,145,1,1,145
"4 - New lovers",2203466,"paid","mobile","US","female",127,145,1,1,145
"4 - New lovers",2210649,"email","mobile","US","female",124,145,1,1,145
"4 - New lovers",2219166,"paid","mobile","international","female",39,145,1,1,145
"4 - New lovers",2220886,"email","mobile","US","female",80,145,1,1,145
"4 - New lovers",2222395,"organic search","desktop","US","female",31,145,1,1,145
"4 - New lovers",2224709,"paid","desktop","US","female",87,145,1,1,145
"4 - New lovers",2226122,"organic search","mobile","international","female",69,145,1,1,145
"4 - New lovers",2227422,"organic search","desktop","US","female",118,145,1,1,145
"4 - New lovers",2239053,"organic search","desktop","US","female",114,145,1,1,145
"4 - New lovers",2251980,"direct","desktop","international","female",111,145,1,1,145
"4 - New lovers",2252916,"direct","mobile","US","female",106,145,1,1,145
"4 - New lovers",2256550,"paid","mobile","US","female",110,145,1,1,145
"4 - New lovers",2268444,"paid","mobile","US","female",102,145,1,1,145
"4 - New lovers",2269510,"direct","desktop","US","female",66,145,1,1,145
"4 - New lovers",2272199,"organic search","desktop","US","female",17,145,1,1,145
"4 - New lovers",2277351,"direct","desktop","US","female",58,145,1,1,145
"4 - New lovers",2291650,"paid","mobile","US","female",98,145,1,1,145
"4 - New lovers",2293116,"paid","mobile","US","female",24,145,1,1,145
"4 - New lovers",2298907,"organic search","desktop","international","female",97,145,1,1,145
"4 - New lovers",2301565,"paid","mobile","US","female",97,145,1,1,145
"4 - New lovers",2307015,"organic search","desktop","US","female",91,145,1,1,145
"4 - New lovers",2307101,"paid","desktop","US","female",96,145,1,1,145
"4 - New lovers",2315157,"direct","mobile","US","female",80,290,2,2,145
"4 - New lovers",2317744,"organic search","mobile","US","female",85,145,1,1,145
"4 - New lovers",2318321,"organic search","desktop","US","female",67,145,1,1,145
"4 - New lovers",2322233,"paid","desktop","US","female",82,290,2,2,145
"4 - New lovers",2323690,"paid","desktop","US","female",91,145,1,1,145
"4 - New lovers",2332650,"paid","desktop","US","female",75,290,2,2,145
"4 - New lovers",2337288,"paid","desktop","US","female",86,145,1,1,145
"4 - New lovers",2338239,"organic search","mobile","US","female",86,145,1,1,145
"4 - New lovers",2338790,"paid","mobile","US","female",86,145,1,1,145
"4 - New lovers",2340338,"paid","desktop","US","female",85,145,1,1,145
"4 - New lovers",2341158,"paid","desktop","US","female",85,145,1,1,145
"4 - New lovers",2341464,"paid","desktop","US","female",85,145,1,1,145
"4 - New lovers",2347424,"paid","desktop","US","female",84,145,1,1,145
"4 - New lovers",2347956,"paid","mobile","US","female",83,145,1,1,145
"4 - New lovers",2350310,"paid","mobile","US","female",76,145,1,1,145
"4 - New lovers",2360734,"organic search","desktop","US","female",79,145,1,1,145
"4 - New lovers",2363970,"paid","desktop","US","female",78,145,1,1,145
"4 - New lovers",2366919,"paid","desktop","US","female",77,145,1,1,145
"4 - New lovers",2373415,"paid","mobile","US","female",71,145,1,1,145
"4 - New lovers",2375622,"paid","desktop","US","female",74,145,1,1,145
"4 - New lovers",2378002,"other","desktop","international","female",73,145,1,1,145
"4 - New lovers",2380900,"direct","mobile","US","female",72,145,1,1,145
"4 - New lovers",2385671,"organic search","desktop","US","female",70,145,1,1,145
"4 - New lovers",2387505,"paid","desktop","US","female",70,145,1,1,145
"4 - New lovers",2389779,"organic search","desktop","US","female",69,145,1,1,145
"4 - New lovers",2393158,"paid","desktop","international","female",67,145,1,1,145
"4 - New lovers",2393308,"paid","desktop","US","female",65,290,2,2,145
"4 - New lovers",2394970,"organic search","desktop","US","female",67,145,1,1,145
"4 - New lovers",2395705,"paid","mobile","US","female",31,290,2,2,145
"4 - New lovers",2397710,"paid","desktop","US","female",32,290,2,2,145
"4 - New lovers",2400586,"organic search","desktop","US","female",29,145,1,1,145
"4 - New lovers",2404046,"paid","mobile","US","female",35,145,1,1,145
"4 - New lovers",2405669,"paid","desktop","US","female",63,145,1,1,145
"4 - New lovers",2406025,"paid","desktop","US","female",63,145,1,1,145
"4 - New lovers",2408105,"organic search","desktop","US","female",47,145,1,1,145
"4 - New lovers",2409250,"paid","mobile","US","female",46,145,1,1,145
"4 - New lovers",2410039,"paid","desktop","US","female",61,145,1,1,145
"4 - New lovers",2413080,"paid","desktop","US","female",59,145,1,1,145
"4 - New lovers",2414015,"direct","desktop","US","female",60,145,1,1,145
"4 - New lovers",2415318,"organic search","mobile","international","female",52,145,1,1,145
"4 - New lovers",2418903,"paid","desktop","US","female",50,145,1,1,145
"4 - New lovers",2418936,"paid","desktop","US","female",58,145,1,1,145
"4 - New lovers",2419531,"direct","mobile","US","female",58,145,1,1,145
"4 - New lovers",2420660,"paid","mobile","US","female",36,145,1,1,145
"4 - New lovers",2424419,"organic search","desktop","international","female",1,145,1,1,145
"4 - New lovers",2430819,"direct","mobile","US","female",32,145,1,1,145
"4 - New lovers",2437871,"paid","desktop","US","female",24,145,1,1,145
"4 - New lovers",2438277,"paid","desktop","US","female",53,145,1,1,145
"4 - New lovers",2442045,"paid","desktop","US","female",52,145,1,1,145
"4 - New lovers",2442070,"paid","mobile","international","female",38,290,2,2,145
"4 - New lovers",2443898,"organic search","mobile","US","female",51,145,1,1,145
"4 - New lovers",2445375,"paid","desktop","US","female",50,145,1,1,145
"4 - New lovers",2446438,"direct","desktop","US","female",50,145,1,1,145
"4 - New lovers",2449546,"direct","desktop","US","female",50,145,1,1,145
"4 - New lovers",2450993,"email","desktop","US","female",49,145,1,1,145
"4 - New lovers",2452279,"paid","desktop","US","female",49,145,1,1,145
"4 - New lovers",2453245,"paid","desktop","US","female",26,145,1,1,145
"4 - New lovers",2456911,"paid","desktop","US","female",47,145,1,1,145
"4 - New lovers",2457573,"direct","desktop","US","female",37,290,2,2,145
"4 - New lovers",2459171,"paid","mobile","US","female",19,145,1,1,145
"4 - New lovers",2459766,"paid","mobile","US","female",47,145,1,1,145
"4 - New lovers",2459995,"direct","mobile","US","female",47,145,1,1,145
"4 - New lovers",2465691,"email","desktop","international","female",46,145,1,1,145
"4 - New lovers",2466472,"paid","desktop","US","female",46,145,1,1,145
"4 - New lovers",2467053,"paid","desktop","US","female",46,145,1,1,145
"4 - New lovers",2469375,"paid","desktop","US","female",45,145,1,1,145
"4 - New lovers",2472230,"organic search","desktop","international","female",30,145,1,1,145
"4 - New lovers",2475172,"other","desktop","US","female",44,145,1,1,145
"4 - New lovers",2480754,"paid","desktop","US","female",43,145,1,1,145
"4 - New lovers",2489048,"paid","desktop","US","female",40,145,1,1,145
"4 - New lovers",2489758,"paid","desktop","US","female",31,145,1,1,145
"4 - New lovers",2496932,"direct","mobile","international","female",5,145,1,1,145
"4 - New lovers",2497623,"paid","desktop","US","female",39,145,1,1,145
"4 - New lovers",2515570,"direct","mobile","US","female",5,290,2,2,145
"4 - New lovers",2524872,"direct","desktop","US","female",4,145,1,1,145
"4 - New lovers",2526850,"paid","mobile","US","female",32,145,1,1,145
"4 - New lovers",2529734,"paid","mobile","US","female",31,145,1,1,145
"4 - New lovers",2532925,"paid","mobile","US","female",31,145,1,1,145
"4 - New lovers",2533223,"direct","desktop","US","female",31,145,1,1,145
"4 - New lovers",2533730,"direct","mobile","US","female",29,145,1,1,145
"4 - New lovers",2535249,"paid","desktop","US","female",30,145,1,1,145
"4 - New lovers",2535545,"paid","mobile","US","female",30,145,1,1,145
"4 - New lovers",2537349,"paid","desktop","US","female",30,145,1,1,145
"4 - New lovers",2547558,"paid","desktop","US","female",28,145,1,1,145
"4 - New lovers",2547697,"organic search","desktop","international","female",28,145,1,1,145
"4 - New lovers",2556129,"direct","desktop","US","female",27,145,1,1,145
"4 - New lovers",2557239,"paid","mobile","US","female",26,145,1,1,145
"4 - New lovers",2558359,"direct","desktop","US","female",20,145,1,1,145
"4 - New lovers",2569391,"direct","desktop","US","female",25,145,1,1,145
"4 - New lovers",2573351,"paid","desktop","US","female",24,145,1,1,145
"4 - New lovers",2574620,"paid","mobile","US","female",23,145,1,1,145
"4 - New lovers",2574950,"paid","mobile","US","female",22,145,1,1,145
"4 - New lovers",2578927,"paid","mobile","US","female",13,145,1,1,145
"4 - New lovers",2584346,"organic search","desktop","US","female",21,145,1,1,145
"4 - New lovers",2586335,"organic search","desktop","US","female",21,145,1,1,145
"4 - New lovers",2592699,"paid","desktop","US","female",20,145,1,1,145
"4 - New lovers",2596565,"direct","desktop","US","female",15,290,2,2,145
"4 - New lovers",2598868,"direct","desktop","US","female",18,145,1,1,145
"4 - New lovers",2599194,"paid","desktop","US","female",13,290,2,2,145
"4 - New lovers",2600560,"direct","desktop","US","female",18,145,1,1,145
"4 - New lovers",2603080,"paid","mobile","US","female",16,145,1,1,145
"4 - New lovers",2609247,"direct","mobile","US","female",16,145,1,1,145
"4 - New lovers",2609659,"paid","mobile","US","female",2,290,2,2,145
"4 - New lovers",2613010,"organic search","desktop","US","female",15,145,1,1,145
"4 - New lovers",2614465,"direct","mobile","US","female",15,145,1,1,145
"4 - New lovers",2631127,"direct","mobile","US","female",9,145,1,1,145
"4 - New lovers",2632948,"paid","mobile","US","female",9,145,1,1,145
"4 - New lovers",2636247,"paid","mobile","US","female",5,145,1,1,145
"4 - New lovers",2637589,"paid","mobile","US","female",7,145,1,1,145
"4 - New lovers",2639650,"paid","mobile","international","female",5,145,1,1,145
"4 - New lovers",2645492,"paid","mobile","US","female",4,145,1,1,145
"4 - New lovers",2651469,"paid","mobile","US","female",5,145,1,1,145
"4 - New lovers",2653888,"paid","desktop","US","female",5,145,1,1,145
"4 - New lovers",2655690,"paid","mobile","US","female",2,145,1,1,145
"4 - New lovers",2659441,"paid","desktop","US","female",4,145,1,1,145
"4 - New lovers",2667028,"paid","desktop","US","female",2,145,1,1,145
"4 - New lovers",2116812,"organic search","desktop","international","female",40,286,2,2,143
"4 - New lovers",2165056,"paid","mobile","US","female",66,282,2,2,141
"4 - New lovers",782192,"email","desktop","US","female",6,139,1,1,139
"4 - New lovers",1929759,"paid","desktop","US","female",3,139,1,1,139
"4 - New lovers",2047494,"paid","mobile","US","female",3,139,1,1,139
"4 - New lovers",2354918,"direct","mobile","US","female",4,139,1,1,139
"4 - New lovers",2034823,"direct","desktop","US","female",7,275,2,2,137.5
"4 - New lovers",1062780,"direct","desktop","US","female",97,137,1,1,137
"4 - New lovers",1126366,"direct","desktop","international","female",168,137,1,1,137
"4 - New lovers",1555672,"paid","desktop","US","female",184,137,1,1,137
"4 - New lovers",1669187,"paid","desktop","US","female",109,137,1,1,137
"4 - New lovers",1695256,"paid","desktop","US","female",150,137,1,1,137
"4 - New lovers",1852988,"email","mobile","US","female",147,137,1,1,137
"4 - New lovers",1911958,"paid","desktop","US","female",123,137,1,1,137
"4 - New lovers",1949225,"organic search","desktop","international","female",175,137,1,1,137
"4 - New lovers",2122782,"organic search","mobile","US","female",155,137,1,1,137
"4 - New lovers",2175755,"direct","desktop","US","female",70,137,1,1,137
"4 - New lovers",2211707,"direct","desktop","US","male",124,137,1,1,137
"4 - New lovers",1762792,"paid","desktop","US","female",31,273,2,2,136.5
"4 - New lovers",1515190,"direct","desktop","US","female",3,270,2,2,135
"4 - New lovers",2105303,"paid","desktop","US","female",148,270,2,2,135
"4 - New lovers",2153181,"direct","desktop","international","female",96,270,2,2,135
"4 - New lovers",2502271,"direct","mobile","international","female",31,135,1,1,135
"4 - New lovers",1791550,"direct","mobile","US","female",3,263,2,2,131.5
"4 - New lovers",1911255,"direct","mobile","US","female",5,130,1,1,130
"4 - New lovers",2557204,"organic search","mobile","US","female",13,260,2,2,130
"4 - New lovers",672810,"paid","desktop","US","female",6,254,2,2,127
"4 - New lovers",2089930,"email","desktop","US","female",118,253,2,2,126.5
"4 - New lovers",215281,"paid","desktop","US","female",5,126,1,1,126
"4 - New lovers",1690212,"email","desktop","international","female",80,126,1,1,126
"4 - New lovers",1978052,"direct","desktop","US","female",6,126,1,1,126
"4 - New lovers",2183327,"organic search","desktop","international","female",113,126,1,1,126
"4 - New lovers",2335823,"paid","desktop","US","female",77,126,1,1,126
"4 - New lovers",2343520,"organic search","mobile","international","female",83,126,1,1,126
"4 - New lovers",2355658,"paid","mobile","US","female",81,126,1,1,126
"4 - New lovers",2484867,"organic search","desktop","US","female",42,126,1,1,126
"4 - New lovers",1461428,"direct","mobile","international","male",115,125,1,1,125
"4 - New lovers",1914094,"direct","desktop","US","female",111,125,1,1,125
"4 - New lovers",2083056,"paid","desktop","US","female",13,125,1,1,125
"4 - New lovers",2200303,"paid","mobile","US","female",120,125,1,1,125
"4 - New lovers",2214101,"paid","desktop","US","female",123,125,1,1,125
"4 - New lovers",2257370,"paid","mobile","US","female",88,125,1,1,125
"4 - New lovers",2275970,"paid","desktop","US","female",81,125,1,1,125
"4 - New lovers",2287067,"paid","desktop","US","female",99,125,1,1,125
"4 - New lovers",2366398,"paid","desktop","US","female",76,125,1,1,125
"4 - New lovers",2397450,"paid","desktop","US","female",66,125,1,1,125
"4 - New lovers",2536592,"direct","mobile","US","female",30,125,1,1,125
"4 - New lovers",2560492,"organic search","desktop","US","female",7,250,2,2,125
"4 - New lovers",2567494,"direct","desktop","US","female",25,125,1,1,125
"4 - New lovers",1666343,"organic search","desktop","US","female",173,123,1,1,123
"4 - New lovers",1845979,"email","desktop","US","female",117,123,1,1,123
"4 - New lovers",2220874,"organic search","desktop","US","female",120,123,1,1,123
"4 - New lovers",2276967,"paid","desktop","US","female",94,123,1,1,123
"4 - New lovers",2326340,"organic search","desktop","US","female",90,123,1,1,123
"4 - New lovers",2358009,"direct","mobile","US","female",80,123,1,1,123
"4 - New lovers",2473644,"organic search","desktop","US","female",44,123,1,1,123
"4 - New lovers",1371096,"organic search","desktop","US","female",183,120,1,1,120
"4 - New lovers",2005182,"paid","desktop","US","female",212,120,1,1,120
"4 - New lovers",2054589,"paid","desktop","international","female",171,120,1,1,120
"4 - New lovers",2076949,"organic search","desktop","US","female",19,120,1,1,120
"4 - New lovers",2085829,"organic search","mobile","US","female",170,120,1,1,120
"4 - New lovers",2316363,"organic search","mobile","US","female",93,120,1,1,120
"4 - New lovers",671005,"paid","desktop","US","female",6,118,1,1,118
"4 - New lovers",1423759,"paid","desktop","US","female",174,118,1,1,118
"4 - New lovers",1468470,"paid","desktop","US","female",6,118,1,1,118
"4 - New lovers",1551096,"direct","mobile","US","female",47,118,1,1,118
"4 - New lovers",1611915,"email","desktop","US","female",130,118,1,1,118
"4 - New lovers",1688550,"email","desktop","US","female",6,118,1,1,118
"4 - New lovers",1721240,"paid","desktop","US","female",171,118,1,1,118
"4 - New lovers",1721317,"direct","mobile","US","female",5,118,1,1,118
"4 - New lovers",1733770,"paid","mobile","US","female",6,118,1,1,118
"4 - New lovers",1749251,"email","mobile","US","female",3,118,1,1,118
"4 - New lovers",2021795,"direct","mobile","US","female",202,118,1,1,118
"4 - New lovers",2032556,"paid","mobile","US","female",140,118,1,1,118
"4 - New lovers",2059283,"paid","mobile","US","female",183,118,1,1,118
"4 - New lovers",2069061,"direct","desktop","US","female",178,118,1,1,118
"4 - New lovers",2078321,"organic search","desktop","US","female",174,118,1,1,118
"4 - New lovers",2098823,"paid","desktop","international","female",115,118,1,1,118
"4 - New lovers",2115498,"paid","mobile","US","female",158,118,1,1,118
"4 - New lovers",2165422,"other","desktop","US","female",139,118,1,1,118
"4 - New lovers",2184744,"paid","mobile","international","female",96,118,1,1,118
"4 - New lovers",2263096,"paid","mobile","international","female",107,118,1,1,118
"4 - New lovers",2503412,"direct","desktop","US","female",7,118,1,1,118
"4 - New lovers",2643810,"paid","desktop","US","female",6,118,1,1,118
"4 - New lovers",2667793,"paid","mobile","international","female",2,118,1,1,118
"4 - New lovers",1405305,"paid","mobile","US","female",6,109,1,1,109
"4 - New lovers",1425537,"organic search","mobile","US","female",6,109,1,1,109
"4 - New lovers",1625780,"paid","mobile","US","female",6,109,1,1,109
"4 - New lovers",1767588,"paid","mobile","international","female",6,109,1,1,109
"4 - New lovers",1853851,"organic search","desktop","US","female",6,109,1,1,109
"4 - New lovers",2134232,"paid","desktop","US","female",5,109,1,1,109
"4 - New lovers",2139340,"paid","desktop","US","female",146,218,2,2,109
"4 - New lovers",2315949,"paid","desktop","US","female",6,218,2,2,109
"4 - New lovers",2588888,"direct","desktop","US","female",6,109,1,1,109
"4 - New lovers",2640242,"organic search","desktop","US","female",7,109,1,1,109
"4 - New lovers",2641120,"paid","mobile","international","female",6,109,1,1,109
"4 - New lovers",2642430,"direct","desktop","US","female",6,109,1,1,109
"4 - New lovers",2656956,"paid","mobile","US","female",4,109,1,1,109
"4 - New lovers",2166681,"organic search","desktop","international","female",114,216,2,2,108
"4 - New lovers",1594392,"email","mobile","US","female",6,214,2,2,107
"4 - New lovers",2449679,"email","mobile","US","female",3,213,2,2,106.5
"4 - New lovers",2655726,"paid","mobile","US","female",4,211,2,2,105.5
"4 - New lovers",1969952,"paid","mobile","US","female",5,102,1,1,102
"4 - New lovers",878461,"paid","mobile","US","female",4,101,1,1,101
"4 - New lovers",1791673,"paid","mobile","US","female",5,101,1,1,101
"4 - New lovers",1731654,"email","desktop","US","female",166,98,1,1,98
"4 - New lovers",1981274,"paid","desktop","US","female",155,98,1,1,98
"4 - New lovers",2021190,"direct","mobile","US","female",203,98,1,1,98
"4 - New lovers",2038569,"organic search","desktop","US","female",193,98,1,1,98
"4 - New lovers",2299592,"other","desktop","US","female",96,98,1,1,98
"4 - New lovers",174372,"direct","mobile","US","female",121,88,1,1,88
"4 - New lovers",657539,"paid","desktop","US","female",48,88,1,1,88
"4 - New lovers",864078,"email","mobile","international","female",36,88,1,1,88
"4 - New lovers",992491,"organic search","desktop","US","female",193,88,1,1,88
"4 - New lovers",1128011,"email","mobile","US","female",207,88,1,1,88
"4 - New lovers",1204711,"paid","mobile","US","female",174,88,1,1,88
"4 - New lovers",1337678,"email","desktop","US","female",203,88,1,1,88
"4 - New lovers",1375661,"paid","desktop","US","female",147,88,1,1,88
"4 - New lovers",1475219,"email","desktop","US","female",172,88,1,1,88
"4 - New lovers",1545993,"paid","desktop","US","female",199,88,1,1,88
"4 - New lovers",1608762,"email","desktop","US","female",171,88,1,1,88
"4 - New lovers",1679390,"email","mobile","US","female",5,88,1,1,88
"4 - New lovers",1734518,"paid","desktop","US","female",3,88,1,1,88
"4 - New lovers",1749056,"paid","desktop","US","female",205,88,1,1,88
"4 - New lovers",1774302,"paid","mobile","US","female",207,88,1,1,88
"4 - New lovers",1822607,"paid","desktop","US","female",207,88,1,1,88
"4 - New lovers",1824106,"paid","mobile","US","female",133,88,1,1,88
"4 - New lovers",1926683,"paid","mobile","US","female",191,88,1,1,88
"4 - New lovers",1960044,"email","mobile","US","female",152,88,1,1,88
"4 - New lovers",1960291,"email","desktop","US","female",193,88,1,1,88
"4 - New lovers",2002736,"paid","desktop","US","female",207,88,1,1,88
"4 - New lovers",2015425,"paid","desktop","US","female",206,88,1,1,88
"4 - New lovers",2016384,"paid","mobile","US","female",190,88,1,1,88
"4 - New lovers",2016573,"paid","mobile","US","female",205,88,1,1,88
"4 - New lovers",2019967,"direct","mobile","US","female",203,88,1,1,88
"4 - New lovers",2037109,"paid","desktop","US","female",194,88,1,1,88
"4 - New lovers",2038722,"direct","desktop","US","female",82,88,1,1,88
"4 - New lovers",2038780,"organic search","desktop","US","female",193,88,1,1,88
"4 - New lovers",2038852,"direct","mobile","US","female",193,88,1,1,88
"4 - New lovers",2039058,"direct","desktop","US","female",193,88,1,1,88
"4 - New lovers",2039440,"direct","desktop","US","female",193,88,1,1,88
"4 - New lovers",2040301,"direct","desktop","US","female",193,88,1,1,88
"4 - New lovers",2041245,"organic search","desktop","US","female",192,88,1,1,88
"4 - New lovers",2042584,"organic search","desktop","US","female",133,176,2,2,88
"4 - New lovers",2043048,"direct","desktop","US","female",191,88,1,1,88
"4 - New lovers",2047410,"organic search","desktop","US","female",189,88,1,1,88
"4 - New lovers",2118486,"paid","mobile","US","female",157,88,1,1,88
"4 - New lovers",2215105,"organic search","desktop","US","female",123,88,1,1,88
"4 - New lovers",2280276,"paid","mobile","US","female",88,176,2,2,88
"4 - New lovers",2367347,"paid","desktop","US","female",6,88,1,1,88
"4 - New lovers",2410802,"paid","mobile","international","female",6,88,1,1,88
"4 - New lovers",2417391,"paid","desktop","US","female",20,88,1,1,88
"4 - New lovers",2501898,"direct","desktop","US","female",38,88,1,1,88
"4 - New lovers",2546444,"direct","desktop","international","female",6,88,1,1,88
"4 - New lovers",2583194,"other","desktop","US","female",22,88,1,1,88
"4 - New lovers",2586330,"direct","desktop","US","female",21,88,1,1,88
"4 - New lovers",2636244,"organic search","desktop","US","female",5,88,1,1,88
"4 - New lovers",2643848,"paid","desktop","US","female",6,88,1,1,88
"4 - New lovers",2645333,"paid","desktop","US","female",6,88,1,1,88
"4 - New lovers",2184749,"direct","mobile","US","female",3,80,1,1,80
"4 - New lovers",2403613,"paid","mobile","US","female",6,80,1,1,80
"4 - New lovers",2660179,"direct","desktop","US","female",4,80,1,1,80
"4 - New lovers",1389898,"direct","desktop","US","female",178,157,2,2,78.5
"4 - New lovers",1976152,"paid","desktop","US","female",186,69,1,1,69
"4 - New lovers",2357663,"paid","desktop","US","female",80,69,1,1,69
"4 - New lovers",2564511,"paid","mobile","US","female",6,69,1,1,69
"4 - New lovers",196822,"direct","desktop","US","female",6,66,1,1,66
"4 - New lovers",1247066,"paid","desktop","US","female",5,66,1,1,66
"4 - New lovers",1688989,"organic search","mobile","US","female",7,66,1,1,66
"5 - Recent lovers",2424172,"organic search","desktop","US","female",22,290,2,1,290
"5 - Recent lovers",2025911,"direct","mobile","US","female",3,235,1,1,235
"5 - Recent lovers",1302096,"direct","desktop","US","female",29,225,1,1,225
"5 - Recent lovers",1346179,"direct","mobile","US","female",14,225,1,1,225
"5 - Recent lovers",1644364,"organic search","mobile","US","female",7,225,1,1,225
"5 - Recent lovers",1934232,"direct","desktop","US","female",24,225,1,1,225
"5 - Recent lovers",2322435,"paid","desktop","international","female",19,225,1,1,225
"5 - Recent lovers",2513724,"email","mobile","US","female",4,225,1,1,225
"5 - Recent lovers",979985,"email","desktop","US","female",28,535,3,3,178.33
"5 - Recent lovers",1524782,"direct","mobile","US","female",6,535,3,3,178.33
"5 - Recent lovers",725302,"organic search","desktop","US","female",6,176,2,1,176
"5 - Recent lovers",2480291,"paid","desktop","US","female",17,175,1,1,175
"5 - Recent lovers",2492509,"organic search","desktop","US","female",7,168,2,1,168
"5 - Recent lovers",1874752,"paid","desktop","US","female",6,165,1,1,165
"5 - Recent lovers",1462133,"direct","desktop","US","female",6,1112,10,7,158.86
"5 - Recent lovers",2315690,"direct","mobile","US","female",5,315,2,2,157.5
"5 - Recent lovers",1439956,"email","desktop","US","female",21,155,1,1,155
"5 - Recent lovers",1557803,"organic search","mobile","US","female",30,155,1,1,155
"5 - Recent lovers",1661944,"direct","mobile","US","female",12,155,1,1,155
"5 - Recent lovers",2402032,"paid","desktop","US","female",20,155,1,1,155
"5 - Recent lovers",2409147,"organic search","desktop","US","female",14,155,1,1,155
"5 - Recent lovers",2471612,"paid","mobile","US","female",29,155,1,1,155
"5 - Recent lovers",1478503,"paid","desktop","international","female",6,758,5,5,151.6
"5 - Recent lovers",1592059,"direct","desktop","US","female",6,300,2,2,150
"5 - Recent lovers",1308473,"direct","desktop","US","female",24,145,1,1,145
"5 - Recent lovers",1389582,"direct","mobile","US","female",16,145,1,1,145
"5 - Recent lovers",1554422,"direct","mobile","US","male",27,145,1,1,145
"5 - Recent lovers",1563721,"organic search","desktop","international","female",6,145,1,1,145
"5 - Recent lovers",1596791,"paid","desktop","US","female",14,290,2,2,145
"5 - Recent lovers",1629755,"direct","desktop","US","female",5,290,2,2,145
"5 - Recent lovers",1718349,"direct","desktop","US","female",17,145,1,1,145
"5 - Recent lovers",1723434,"paid","desktop","US","female",26,145,1,1,145
"5 - Recent lovers",1814284,"direct","mobile","US","female",9,145,1,1,145
"5 - Recent lovers",2000604,"other","desktop","US","female",21,145,1,1,145
"5 - Recent lovers",2184491,"organic search","desktop","US","female",29,145,1,1,145
"5 - Recent lovers",2250920,"paid","desktop","international","female",13,145,1,1,145
"5 - Recent lovers",2371238,"paid","desktop","US","female",2,145,1,1,145
"5 - Recent lovers",2491981,"organic search","desktop","US","female",6,139,1,1,139
"5 - Recent lovers",2536730,"direct","desktop","US","female",6,139,1,1,139
"5 - Recent lovers",1024277,"paid","desktop","US","female",7,263,2,2,131.5
"5 - Recent lovers",1985651,"organic search","desktop","US","female",5,263,2,2,131.5
"5 - Recent lovers",1972308,"direct","desktop","US","female",6,255,3,2,127.5
"5 - Recent lovers",1483528,"paid","desktop","US","female",6,1244,11,10,124.4
"5 - Recent lovers",1414888,"organic search","mobile","US","female",6,118,1,1,118
"5 - Recent lovers",1678054,"email","mobile","US","female",6,118,1,1,118
"5 - Recent lovers",2179548,"direct","desktop","US","female",6,118,1,1,118
"5 - Recent lovers",1552533,"direct","desktop","US","female",7,109,1,1,109
"5 - Recent lovers",1595886,"paid","desktop","US","female",6,109,1,1,109
"5 - Recent lovers",2111066,"organic search","desktop","US","female",3,109,1,1,109
"5 - Recent lovers",2161501,"organic search","desktop","US","female",6,109,1,1,109
"5 - Recent lovers",2634592,"paid","desktop","US","female",6,109,1,1,109
"5 - Recent lovers",1983381,"paid","desktop","US","female",6,193,2,2,96.5
"5 - Recent lovers",1353144,"paid","mobile","US","female",6,88,1,1,88
"5 - Recent lovers",1902620,"organic search","desktop","US","female",3,88,1,1,88
"5 - Recent lovers",2061150,"email","desktop","US","female",6,88,1,1,88
"5 - Recent lovers",2174277,"email","mobile","US","female",3,88,1,1,88
"5 - Recent lovers",2351369,"paid","mobile","US","female",5,88,1,1,88
"5 - Recent lovers",1996417,"direct","desktop","US","female",6,75,1,1,75
"5 - Recent lovers",637791,"paid","desktop","US","female",6,66,1,1,66
"5 - Recent lovers",1430304,"paid","desktop","US","female",6,66,1,1,66
"5 - Recent lovers",2367329,"direct","desktop","US","female",6,66,1,1,66
